974
2 0
5 0
10 0
13 0
14 0
15 0
16 0
17 0
424 165
425 165
426 165
427 165
428 165
429 165
430 165
431 165
432 165
433 165
422 166
423 166
434 166
435 166
436 166
437 166
438 166
422 167
439 167
440 167
441 167
442 167
443 167
444 167
421 168
422 168
445 168
420 169
445 169
419 170
445 170
418 171
419 171
445 171
417 172
445 172
417 173
445 173
416 174
417 174
445 174
415 175
445 175
414 176
445 176
413 177
445 177
412 178
445 178
411 179
412 179
445 179
410 180
444 180
409 181
410 181
444 181
408 182
444 182
407 183
444 183
407 184
444 184
405 185
406 185
444 185
404 186
405 186
444 186
402 187
403 187
444 187
445 187
446 187
400 188
401 188
402 188
446 188
398 189
399 189
400 189
447 189
448 189
395 190
396 190
397 190
449 190
450 190
451 190
388 191
389 191
390 191
391 191
392 191
393 191
394 191
395 191
451 191
452 191
383 192
384 192
385 192
386 192
387 192
453 192
454 192
455 192
380 193
381 193
382 193
456 193
473 193
474 193
475 193
476 193
477 193
478 193
479 193
375 194
376 194
377 194
378 194
379 194
457 194
458 194
459 194
460 194
461 194
462 194
463 194
464 194
465 194
466 194
467 194
468 194
469 194
470 194
471 194
472 194
473 194
479 194
373 195
374 195
479 195
367 196
368 196
369 196
370 196
371 196
372 196
479 196
365 197
366 197
480 197
361 198
362 198
363 198
364 198
480 198
358 199
359 199
360 199
481 199
356 200
357 200
481 200
352 201
353 201
354 201
355 201
481 201
351 202
481 202
482 202
483 202
349 203
350 203
483 203
484 203
346 204
347 204
348 204
349 204
484 204
345 205
484 205
485 205
486 205
342 206
343 206
344 206
486 206
487 206
488 206
489 206
490 206
491 206
492 206
493 206
494 206
495 206
496 206
497 206
498 206
341 207
342 207
498 207
339 208
340 208
498 208
337 209
338 209
339 209
498 209
336 210
498 210
334 211
335 211
498 211
334 212
498 212
333 213
498 213
332 214
498 214
331 215
498 215
329 216
330 216
498 216
328 217
498 217
327 218
499 218
500 218
326 219
327 219
500 219
325 220
500 220
325 221
500 221
325 222
501 222
325 223
501 223
325 224
502 224
325 225
503 225
325 226
503 226
325 227
503 227
325 228
504 228
325 229
505 229
325 230
506 230
325 231
506 231
325 232
507 232
508 232
325 233
508 233
325 234
509 234
510 234
511 234
325 235
511 235
325 236
511 236
325 237
511 237
512 237
513 237
325 238
326 238
513 238
326 239
327 239
514 239
515 239
516 239
327 240
516 240
328 241
516 241
517 241
518 241
519 241
520 241
521 241
522 241
523 241
524 241
525 241
526 241
527 241
528 241
529 241
328 242
530 242
328 243
531 243
532 243
533 243
328 244
534 244
535 244
328 245
535 245
536 245
328 246
329 246
537 246
329 247
538 247
330 248
539 248
540 248
330 249
540 249
541 249
330 250
542 250
543 250
331 251
543 251
544 251
332 252
544 252
545 252
332 253
333 253
545 253
333 254
545 254
546 254
333 255
546 255
333 256
546 256
333 257
546 257
333 258
545 258
546 258
333 259
544 259
333 260
541 260
542 260
543 260
544 260
333 261
540 261
333 262
538 262
539 262
333 263
537 263
333 264
536 264
333 265
534 265
535 265
536 265
333 266
534 266
332 267
531 267
532 267
533 267
332 268
530 268
332 269
529 269
332 270
529 270
332 271
527 271
528 271
332 272
527 272
332 273
526 273
332 274
525 274
332 275
524 275
332 276
524 276
332 277
522 277
523 277
332 278
522 278
332 279
522 279
332 280
520 280
521 280
332 281
520 281
331 282
519 282
331 283
519 283
331 284
518 284
330 285
518 285
330 286
517 286
330 287
517 287
329 288
517 288
329 289
517 289
329 290
517 290
327 291
328 291
517 291
327 292
517 292
327 293
517 293
327 294
516 294
326 295
516 295
324 296
325 296
516 296
324 297
516 297
323 298
515 298
322 299
323 299
515 299
322 300
515 300
322 301
515 301
321 302
515 302
319 303
320 303
515 303
319 304
515 304
318 305
515 305
317 306
515 306
316 307
515 307
516 307
315 308
316 308
516 308
314 309
516 309
312 310
313 310
517 310
312 311
517 311
311 312
517 312
518 312
309 313
310 313
518 313
309 314
519 314
520 314
521 314
307 315
308 315
521 315
522 315
306 316
307 316
523 316
306 317
523 317
524 317
525 317
526 317
527 317
528 317
304 318
305 318
528 318
529 318
304 319
530 319
531 319
532 319
533 319
302 320
303 320
533 320
534 320
535 320
301 321
535 321
536 321
537 321
538 321
539 321
300 322
540 322
299 323
300 323
541 323
298 324
542 324
543 324
297 325
543 325
295 326
296 326
544 326
545 326
295 327
545 327
292 328
293 328
294 328
546 328
291 329
547 329
290 330
548 330
290 331
548 331
288 332
289 332
549 332
287 333
549 333
287 334
549 334
286 335
287 335
549 335
286 336
550 336
285 337
550 337
284 338
285 338
550 338
284 339
550 339
282 340
283 340
550 340
281 341
550 341
551 341
280 342
281 342
551 342
280 343
552 343
280 344
552 344
553 344
280 345
553 345
280 346
554 346
555 346
280 347
555 347
280 348
556 348
557 348
558 348
280 349
558 349
559 349
560 349
561 349
562 349
563 349
281 350
564 350
565 350
566 350
281 351
567 351
568 351
569 351
282 352
283 352
569 352
570 352
283 353
571 353
572 353
573 353
574 353
283 354
284 354
285 354
575 354
576 354
286 355
577 355
287 356
288 356
578 356
579 356
580 356
288 357
580 357
289 358
581 358
582 358
290 359
582 359
290 360
291 360
582 360
583 360
291 361
583 361
291 362
584 362
585 362
291 363
292 363
293 363
585 363
293 364
294 364
295 364
296 364
585 364
297 365
586 365
587 365
298 366
458 366
459 366
460 366
461 366
462 366
463 366
464 366
465 366
466 366
467 366
468 366
469 366
470 366
471 366
472 366
473 366
474 366
475 366
587 366
299 367
300 367
455 367
456 367
457 367
476 367
477 367
478 367
479 367
480 367
481 367
482 367
483 367
484 367
485 367
486 367
487 367
488 367
587 367
300 368
452 368
453 368
454 368
489 368
490 368
491 368
492 368
493 368
494 368
495 368
588 368
301 369
302 369
448 369
449 369
450 369
451 369
495 369
496 369
497 369
498 369
588 369
302 370
303 370
444 370
445 370
446 370
447 370
499 370
500 370
589 370
304 371
444 371
500 371
589 371
304 372
305 372
441 372
442 372
443 372
501 372
502 372
589 372
590 372
591 372
306 373
439 373
440 373
441 373
503 373
592 373
307 374
438 374
439 374
503 374
504 374
593 374
307 375
308 375
435 375
436 375
437 375
505 375
594 375
309 376
434 376
505 376
594 376
595 376
309 377
310 377
434 377
505 377
596 377
597 377
311 378
430 378
431 378
432 378
433 378
505 378
597 378
311 379
428 379
429 379
505 379
598 379
599 379
312 380
313 380
427 380
428 380
505 380
599 380
314 381
315 381
316 381
423 381
424 381
425 381
426 381
505 381
600 381
317 382
318 382
319 382
320 382
321 382
322 382
421 382
422 382
423 382
504 382
505 382
601 382
602 382
323 383
324 383
325 383
326 383
327 383
417 383
418 383
419 383
420 383
421 383
504 383
602 383
328 384
329 384
416 384
504 384
602 384
603 384
330 385
331 385
411 385
412 385
413 385
414 385
415 385
504 385
603 385
604 385
332 386
333 386
407 386
408 386
409 386
410 386
411 386
504 386
604 386
334 387
335 387
336 387
407 387
503 387
504 387
605 387
337 388
338 388
339 388
340 388
341 388
342 388
343 388
344 388
345 388
346 388
347 388
348 388
349 388
350 388
351 388
352 388
353 388
354 388
355 388
356 388
357 388
358 388
359 388
360 388
361 388
362 388
363 388
364 388
365 388
366 388
367 388
368 388
369 388
370 388
371 388
372 388
373 388
374 388
375 388
376 388
377 388
378 388
379 388
380 388
381 388
382 388
383 388
384 388
385 388
386 388
387 388
388 388
389 388
390 388
391 388
392 388
393 388
394 388
395 388
396 388
397 388
398 388
399 388
400 388
401 388
402 388
403 388
404 388
405 388
406 388
503 388
606 388
502 389
503 389
607 389
502 390
608 390
502 391
608 391
500 392
501 392
609 392
499 393
609 393
499 394
609 394
499 395
610 395
498 396
611 396
497 397
611 397
497 398
612 398
496 399
612 399
496 400
612 400
495 401
612 401
495 402
612 402
495 403
612 403
494 404
612 404
492 405
493 405
494 405
612 405
612 406
612 407
613 407
