0
2523
2 0
5 0
10 0
13 0
14 0
15 0
16 0
17 0
179 0
180 0
181 0
188 0
189 0
190 0
191 0
179 1
180 1
181 1
189 1
190 1
191 1
178 2
179 2
180 2
189 2
190 2
191 2
178 3
179 3
180 3
189 3
190 3
191 3
178 4
179 4
180 4
189 4
190 4
191 4
192 4
177 5
178 5
179 5
190 5
191 5
192 5
193 5
177 6
178 6
179 6
191 6
192 6
193 6
194 6
177 7
178 7
179 7
192 7
193 7
194 7
177 8
178 8
179 8
192 8
193 8
194 8
177 9
178 9
179 9
192 9
193 9
194 9
176 10
177 10
178 10
192 10
193 10
194 10
176 11
177 11
178 11
192 11
193 11
194 11
195 11
176 12
177 12
178 12
193 12
194 12
195 12
196 12
176 13
177 13
178 13
194 13
195 13
196 13
176 14
177 14
178 14
194 14
195 14
196 14
176 15
177 15
178 15
194 15
195 15
196 15
176 16
177 16
178 16
194 16
195 16
196 16
175 17
176 17
177 17
194 17
195 17
196 17
175 18
176 18
177 18
194 18
195 18
196 18
197 18
175 19
176 19
177 19
195 19
196 19
197 19
175 20
176 20
177 20
195 20
196 20
197 20
175 21
176 21
177 21
196 21
197 21
198 21
175 22
176 22
177 22
196 22
197 22
198 22
175 23
176 23
177 23
196 23
197 23
198 23
174 24
175 24
176 24
196 24
197 24
198 24
174 25
175 25
176 25
196 25
197 25
198 25
174 26
175 26
176 26
196 26
197 26
198 26
174 27
175 27
176 27
196 27
197 27
198 27
199 27
174 28
175 28
176 28
197 28
198 28
199 28
174 29
175 29
176 29
198 29
199 29
200 29
174 30
175 30
176 30
198 30
199 30
200 30
201 30
173 31
174 31
175 31
199 31
200 31
201 31
173 32
174 32
175 32
199 32
200 32
201 32
173 33
174 33
175 33
199 33
200 33
201 33
173 34
174 34
175 34
199 34
200 34
201 34
173 35
174 35
175 35
199 35
200 35
201 35
173 36
174 36
175 36
199 36
200 36
201 36
172 37
173 37
174 37
199 37
200 37
201 37
172 38
173 38
174 38
199 38
200 38
201 38
70 39
71 39
72 39
172 39
173 39
174 39
200 39
201 39
202 39
70 40
71 40
72 40
172 40
173 40
174 40
200 40
201 40
202 40
70 41
71 41
72 41
172 41
173 41
174 41
200 41
201 41
202 41
70 42
71 42
72 42
73 42
172 42
173 42
174 42
200 42
201 42
202 42
71 43
72 43
73 43
172 43
173 43
174 43
200 43
201 43
202 43
71 44
72 44
73 44
172 44
173 44
174 44
200 44
201 44
202 44
71 45
72 45
73 45
74 45
172 45
173 45
174 45
200 45
201 45
202 45
72 46
73 46
74 46
172 46
173 46
174 46
200 46
201 46
202 46
73 47
74 47
75 47
172 47
173 47
174 47
200 47
201 47
202 47
203 47
73 48
74 48
75 48
76 48
172 48
173 48
174 48
201 48
202 48
203 48
204 48
74 49
75 49
76 49
172 49
173 49
174 49
202 49
203 49
204 49
205 49
74 50
75 50
76 50
77 50
203 50
204 50
205 50
206 50
75 51
76 51
77 51
78 51
204 51
205 51
206 51
76 52
77 52
78 52
204 52
205 52
206 52
207 52
76 53
77 53
78 53
79 53
205 53
206 53
207 53
77 54
78 54
79 54
80 54
205 54
206 54
207 54
208 54
78 55
79 55
80 55
81 55
82 55
206 55
207 55
208 55
78 56
79 56
80 56
81 56
82 56
206 56
207 56
208 56
209 56
80 57
81 57
82 57
83 57
207 57
208 57
209 57
80 58
81 58
82 58
83 58
84 58
85 58
207 58
208 58
209 58
210 58
80 59
81 59
82 59
83 59
84 59
85 59
86 59
87 59
208 59
209 59
210 59
211 59
83 60
84 60
85 60
86 60
87 60
88 60
89 60
209 60
210 60
211 60
84 61
85 61
86 61
87 61
88 61
89 61
209 61
210 61
211 61
79 62
80 62
81 62
82 62
83 62
84 62
85 62
86 62
87 62
88 62
89 62
210 62
211 62
212 62
73 63
74 63
75 63
76 63
77 63
78 63
79 63
80 63
81 63
82 63
83 63
84 63
85 63
86 63
87 63
88 63
210 63
211 63
212 63
67 64
68 64
69 64
70 64
71 64
72 64
73 64
74 64
75 64
76 64
77 64
78 64
79 64
80 64
81 64
82 64
83 64
84 64
85 64
86 64
87 64
88 64
210 64
211 64
212 64
213 64
61 65
62 65
63 65
64 65
65 65
66 65
67 65
68 65
69 65
70 65
71 65
72 65
73 65
74 65
75 65
76 65
77 65
78 65
79 65
80 65
81 65
82 65
211 65
212 65
213 65
61 66
62 66
63 66
64 66
65 66
66 66
67 66
68 66
69 66
70 66
71 66
72 66
73 66
74 66
75 66
211 66
212 66
213 66
214 66
61 67
62 67
63 67
64 67
65 67
66 67
67 67
68 67
69 67
212 67
213 67
214 67
62 68
63 68
64 68
65 68
212 68
213 68
214 68
59 69
60 69
61 69
62 69
63 69
64 69
65 69
66 69
213 69
214 69
215 69
58 70
59 70
60 70
61 70
62 70
63 70
64 70
65 70
66 70
213 70
214 70
215 70
58 71
59 71
60 71
61 71
62 71
63 71
64 71
65 71
66 71
213 71
214 71
215 71
59 72
60 72
61 72
213 72
214 72
215 72
60 73
61 73
62 73
214 73
215 73
216 73
60 74
61 74
62 74
63 74
214 74
215 74
216 74
61 75
62 75
63 75
214 75
215 75
216 75
61 76
62 76
63 76
64 76
214 76
215 76
216 76
60 77
61 77
62 77
63 77
64 77
214 77
215 77
216 77
60 78
61 78
62 78
63 78
64 78
215 78
216 78
217 78
253 78
254 78
255 78
256 78
257 78
258 78
259 78
61 79
62 79
63 79
215 79
216 79
217 79
252 79
253 79
254 79
255 79
256 79
257 79
258 79
259 79
61 80
62 80
63 80
64 80
215 80
216 80
217 80
251 80
252 80
253 80
254 80
255 80
256 80
257 80
258 80
259 80
62 81
63 81
64 81
215 81
216 81
217 81
218 81
250 81
251 81
252 81
253 81
254 81
257 81
258 81
259 81
62 82
63 82
64 82
65 82
216 82
217 82
218 82
249 82
250 82
251 82
252 82
253 82
257 82
258 82
259 82
63 83
64 83
65 83
216 83
217 83
218 83
248 83
249 83
250 83
251 83
252 83
257 83
258 83
259 83
58 84
59 84
60 84
61 84
62 84
63 84
64 84
65 84
66 84
216 84
217 84
218 84
246 84
247 84
248 84
249 84
250 84
251 84
257 84
258 84
259 84
58 85
59 85
60 85
61 85
62 85
63 85
64 85
65 85
66 85
216 85
217 85
218 85
246 85
247 85
248 85
249 85
250 85
258 85
259 85
260 85
58 86
59 86
60 86
61 86
62 86
63 86
64 86
65 86
66 86
217 86
218 86
219 86
245 86
246 86
247 86
248 86
249 86
258 86
259 86
260 86
59 87
60 87
61 87
62 87
63 87
217 87
218 87
219 87
242 87
243 87
244 87
245 87
246 87
247 87
258 87
259 87
260 87
60 88
61 88
62 88
63 88
64 88
217 88
218 88
219 88
242 88
243 88
244 88
245 88
246 88
247 88
259 88
260 88
261 88
61 89
62 89
63 89
64 89
65 89
217 89
218 89
219 89
220 89
221 89
241 89
242 89
243 89
244 89
245 89
246 89
259 89
260 89
261 89
262 89
57 90
58 90
59 90
60 90
61 90
62 90
63 90
64 90
65 90
66 90
218 90
219 90
220 90
221 90
241 90
242 90
243 90
244 90
259 90
260 90
261 90
262 90
57 91
58 91
59 91
60 91
61 91
62 91
63 91
64 91
65 91
66 91
219 91
220 91
221 91
240 91
241 91
242 91
243 91
244 91
259 91
260 91
261 91
262 91
57 92
58 92
59 92
60 92
61 92
62 92
63 92
64 92
65 92
66 92
219 92
220 92
221 92
222 92
223 92
239 92
240 92
241 92
242 92
243 92
260 92
261 92
262 92
263 92
59 93
60 93
61 93
62 93
219 93
220 93
221 93
222 93
223 93
224 93
239 93
240 93
241 93
242 93
260 93
261 93
262 93
263 93
55 94
56 94
57 94
58 94
59 94
60 94
61 94
62 94
63 94
64 94
220 94
221 94
222 94
223 94
224 94
225 94
226 94
239 94
240 94
241 94
242 94
260 94
261 94
262 94
263 94
55 95
56 95
57 95
58 95
59 95
60 95
61 95
62 95
63 95
64 95
222 95
223 95
224 95
225 95
226 95
227 95
228 95
229 95
230 95
231 95
232 95
233 95
234 95
235 95
236 95
237 95
238 95
239 95
240 95
241 95
261 95
262 95
263 95
55 96
56 96
57 96
58 96
59 96
60 96
61 96
62 96
63 96
64 96
224 96
225 96
226 96
227 96
228 96
229 96
230 96
231 96
232 96
233 96
234 96
235 96
236 96
237 96
238 96
239 96
240 96
241 96
261 96
262 96
263 96
57 97
58 97
59 97
60 97
226 97
227 97
228 97
229 97
230 97
231 97
232 97
233 97
234 97
235 97
236 97
237 97
238 97
239 97
240 97
241 97
261 97
262 97
263 97
53 98
54 98
55 98
56 98
57 98
58 98
59 98
60 98
61 98
62 98
261 98
262 98
263 98
53 99
54 99
55 99
56 99
57 99
58 99
59 99
60 99
61 99
62 99
261 99
262 99
263 99
264 99
53 100
54 100
55 100
56 100
57 100
58 100
59 100
60 100
61 100
62 100
262 100
263 100
264 100
54 101
55 101
56 101
57 101
58 101
262 101
263 101
264 101
55 102
56 102
57 102
58 102
59 102
262 102
263 102
264 102
56 103
57 103
58 103
59 103
60 103
262 103
263 103
264 103
57 104
58 104
59 104
60 104
61 104
262 104
263 104
264 104
58 105
59 105
60 105
61 105
62 105
262 105
263 105
264 105
59 106
60 106
61 106
62 106
63 106
262 106
263 106
264 106
55 107
56 107
57 107
58 107
59 107
60 107
61 107
62 107
63 107
64 107
262 107
263 107
264 107
55 108
56 108
57 108
58 108
59 108
60 108
61 108
62 108
63 108
64 108
262 108
263 108
264 108
55 109
56 109
57 109
58 109
59 109
60 109
61 109
62 109
63 109
64 109
262 109
263 109
264 109
56 110
57 110
58 110
59 110
60 110
262 110
263 110
264 110
58 111
59 111
60 111
61 111
262 111
263 111
264 111
59 112
60 112
61 112
62 112
262 112
263 112
264 112
60 113
61 113
62 113
63 113
262 113
263 113
264 113
61 114
62 114
63 114
64 114
262 114
263 114
264 114
62 115
63 115
64 115
65 115
262 115
263 115
264 115
63 116
64 116
65 116
66 116
262 116
263 116
264 116
64 117
65 117
66 117
67 117
262 117
263 117
264 117
65 118
66 118
67 118
68 118
262 118
263 118
264 118
66 119
67 119
68 119
69 119
262 119
263 119
264 119
67 120
68 120
69 120
70 120
262 120
263 120
264 120
68 121
69 121
70 121
71 121
262 121
263 121
264 121
69 122
70 122
71 122
72 122
262 122
263 122
264 122
70 123
71 123
72 123
73 123
262 123
263 123
264 123
71 124
72 124
73 124
74 124
187 124
188 124
189 124
190 124
262 124
263 124
264 124
72 125
73 125
74 125
75 125
76 125
187 125
188 125
189 125
190 125
191 125
192 125
262 125
263 125
264 125
265 125
73 126
74 126
75 126
76 126
77 126
187 126
188 126
189 126
190 126
191 126
192 126
193 126
194 126
263 126
264 126
265 126
74 127
75 127
76 127
77 127
78 127
190 127
191 127
192 127
193 127
194 127
195 127
263 127
264 127
265 127
75 128
76 128
77 128
78 128
79 128
192 128
193 128
194 128
195 128
196 128
197 128
263 128
264 128
265 128
72 129
73 129
74 129
75 129
76 129
77 129
78 129
79 129
80 129
194 129
195 129
196 129
197 129
198 129
263 129
264 129
265 129
72 130
73 130
74 130
75 130
76 130
77 130
78 130
79 130
80 130
195 130
196 130
197 130
198 130
199 130
200 130
263 130
264 130
265 130
72 131
73 131
74 131
75 131
76 131
77 131
78 131
79 131
80 131
197 131
198 131
199 131
200 131
201 131
263 131
264 131
265 131
74 132
75 132
76 132
77 132
198 132
199 132
200 132
201 132
202 132
203 132
263 132
264 132
265 132
266 132
75 133
76 133
77 133
78 133
200 133
201 133
202 133
203 133
204 133
205 133
264 133
265 133
266 133
76 134
77 134
78 134
79 134
80 134
202 134
203 134
204 134
205 134
206 134
264 134
265 134
266 134
77 135
78 135
79 135
80 135
81 135
203 135
204 135
205 135
206 135
207 135
208 135
264 135
265 135
266 135
78 136
79 136
80 136
81 136
82 136
205 136
206 136
207 136
208 136
209 136
264 136
265 136
266 136
80 137
81 137
82 137
83 137
206 137
207 137
208 137
209 137
210 137
211 137
264 137
265 137
266 137
81 138
82 138
83 138
84 138
208 138
209 138
210 138
211 138
212 138
264 138
265 138
266 138
82 139
83 139
84 139
85 139
86 139
209 139
210 139
211 139
212 139
213 139
214 139
265 139
266 139
267 139
83 140
84 140
85 140
86 140
87 140
211 140
212 140
213 140
214 140
215 140
265 140
266 140
267 140
84 141
85 141
86 141
87 141
88 141
212 141
213 141
214 141
215 141
216 141
217 141
265 141
266 141
267 141
86 142
87 142
88 142
89 142
214 142
215 142
216 142
217 142
218 142
266 142
267 142
268 142
87 143
88 143
89 143
90 143
215 143
216 143
217 143
218 143
219 143
220 143
266 143
267 143
268 143
269 143
88 144
89 144
90 144
91 144
92 144
217 144
218 144
219 144
220 144
221 144
266 144
267 144
268 144
269 144
89 145
90 145
91 145
92 145
93 145
218 145
219 145
220 145
221 145
222 145
223 145
267 145
268 145
269 145
270 145
90 146
91 146
92 146
93 146
94 146
220 146
221 146
222 146
223 146
224 146
225 146
267 146
268 146
269 146
270 146
271 146
91 147
92 147
93 147
94 147
95 147
222 147
223 147
224 147
225 147
226 147
268 147
269 147
270 147
271 147
93 148
94 148
95 148
96 148
223 148
224 148
225 148
226 148
227 148
228 148
268 148
269 148
270 148
271 148
94 149
95 149
96 149
97 149
98 149
225 149
226 149
227 149
228 149
229 149
230 149
269 149
270 149
271 149
272 149
273 149
94 150
95 150
96 150
97 150
98 150
99 150
226 150
227 150
228 150
229 150
230 150
231 150
269 150
270 150
271 150
272 150
273 150
94 151
95 151
96 151
97 151
98 151
99 151
228 151
229 151
230 151
231 151
232 151
233 151
270 151
271 151
272 151
273 151
94 152
95 152
96 152
97 152
98 152
99 152
230 152
231 152
232 152
233 152
234 152
271 152
272 152
273 152
274 152
95 153
96 153
97 153
98 153
231 153
232 153
233 153
234 153
235 153
236 153
271 153
272 153
273 153
274 153
275 153
96 154
97 154
98 154
233 154
234 154
235 154
236 154
237 154
238 154
272 154
273 154
274 154
275 154
96 155
97 155
98 155
99 155
234 155
235 155
236 155
237 155
238 155
239 155
273 155
274 155
275 155
276 155
97 156
98 156
99 156
100 156
236 156
237 156
238 156
239 156
240 156
241 156
274 156
275 156
276 156
277 156
98 157
99 157
100 157
238 157
239 157
240 157
241 157
242 157
275 157
276 157
277 157
98 158
99 158
100 158
101 158
239 158
240 158
241 158
242 158
243 158
244 158
275 158
276 158
277 158
278 158
94 159
95 159
96 159
97 159
98 159
99 159
100 159
101 159
102 159
241 159
242 159
243 159
244 159
245 159
246 159
276 159
277 159
278 159
279 159
94 160
95 160
96 160
97 160
98 160
99 160
100 160
101 160
102 160
243 160
244 160
245 160
246 160
247 160
277 160
278 160
279 160
280 160
94 161
95 161
96 161
97 161
98 161
99 161
100 161
101 161
102 161
244 161
245 161
246 161
247 161
248 161
249 161
278 161
279 161
280 161
90 162
91 162
92 162
93 162
94 162
95 162
96 162
97 162
98 162
99 162
246 162
247 162
248 162
249 162
250 162
278 162
279 162
280 162
281 162
64 163
65 163
66 163
67 163
68 163
69 163
70 163
71 163
72 163
73 163
74 163
75 163
76 163
77 163
78 163
79 163
80 163
81 163
82 163
83 163
84 163
85 163
86 163
87 163
88 163
89 163
90 163
91 163
92 163
93 163
94 163
95 163
96 163
97 163
98 163
99 163
247 163
248 163
249 163
250 163
251 163
252 163
279 163
280 163
281 163
282 163
18 164
19 164
20 164
21 164
22 164
23 164
24 164
25 164
26 164
27 164
28 164
29 164
30 164
31 164
32 164
33 164
34 164
35 164
36 164
37 164
38 164
39 164
40 164
41 164
42 164
43 164
44 164
45 164
46 164
47 164
48 164
49 164
50 164
51 164
52 164
53 164
54 164
55 164
56 164
57 164
58 164
59 164
60 164
61 164
62 164
63 164
64 164
65 164
66 164
67 164
68 164
69 164
70 164
71 164
72 164
73 164
74 164
75 164
76 164
77 164
78 164
79 164
80 164
81 164
82 164
83 164
84 164
85 164
86 164
87 164
88 164
89 164
90 164
91 164
92 164
93 164
94 164
95 164
96 164
97 164
98 164
99 164
249 164
250 164
251 164
252 164
253 164
254 164
280 164
281 164
282 164
18 165
19 165
20 165
21 165
22 165
23 165
24 165
25 165
26 165
27 165
28 165
29 165
30 165
31 165
32 165
33 165
34 165
35 165
36 165
37 165
38 165
39 165
40 165
41 165
42 165
43 165
44 165
45 165
46 165
47 165
48 165
49 165
50 165
51 165
52 165
53 165
54 165
55 165
56 165
57 165
58 165
59 165
60 165
61 165
62 165
63 165
64 165
65 165
66 165
67 165
68 165
69 165
70 165
71 165
72 165
73 165
74 165
75 165
76 165
77 165
78 165
79 165
80 165
81 165
82 165
83 165
84 165
85 165
86 165
87 165
88 165
89 165
90 165
91 165
92 165
93 165
251 165
252 165
253 165
254 165
255 165
280 165
281 165
282 165
283 165
18 166
19 166
20 166
21 166
22 166
23 166
24 166
25 166
26 166
27 166
28 166
29 166
30 166
31 166
32 166
33 166
34 166
35 166
36 166
37 166
38 166
39 166
40 166
41 166
42 166
43 166
44 166
45 166
46 166
47 166
48 166
49 166
50 166
51 166
52 166
53 166
54 166
55 166
56 166
57 166
58 166
59 166
60 166
61 166
62 166
63 166
64 166
65 166
66 166
252 166
253 166
254 166
255 166
256 166
257 166
281 166
282 166
283 166
284 166
254 167
255 167
256 167
257 167
258 167
259 167
282 167
283 167
284 167
285 167
255 168
256 168
257 168
258 168
259 168
260 168
283 168
284 168
285 168
286 168
257 169
258 169
259 169
260 169
261 169
262 169
284 169
285 169
286 169
259 170
260 170
261 170
262 170
263 170
284 170
285 170
286 170
287 170
260 171
261 171
262 171
263 171
264 171
265 171
285 171
286 171
287 171
288 171
262 172
263 172
264 172
265 172
266 172
267 172
286 172
287 172
288 172
289 172
264 173
265 173
266 173
267 173
268 173
287 173
288 173
289 173
290 173
265 174
266 174
267 174
268 174
269 174
270 174
287 174
288 174
289 174
290 174
291 174
267 175
268 175
269 175
270 175
271 175
272 175
289 175
290 175
291 175
292 175
268 176
269 176
270 176
271 176
272 176
273 176
274 176
290 176
291 176
292 176
293 176
294 176
270 177
271 177
272 177
273 177
274 177
275 177
276 177
291 177
292 177
293 177
294 177
295 177
272 178
273 178
274 178
275 178
276 178
277 178
278 178
292 178
293 178
294 178
295 178
296 178
274 179
275 179
276 179
277 179
278 179
279 179
280 179
293 179
294 179
295 179
296 179
297 179
276 180
277 180
278 180
279 180
280 180
281 180
282 180
295 180
296 180
297 180
298 180
299 180
278 181
279 181
280 181
281 181
282 181
283 181
284 181
296 181
297 181
298 181
299 181
300 181
280 182
281 182
282 182
283 182
284 182
285 182
297 182
298 182
299 182
300 182
301 182
302 182
282 183
283 183
284 183
285 183
286 183
287 183
299 183
300 183
301 183
302 183
303 183
284 184
285 184
286 184
287 184
288 184
289 184
300 184
301 184
302 184
303 184
304 184
305 184
286 185
287 185
288 185
289 185
290 185
291 185
302 185
303 185
304 185
305 185
306 185
307 185
288 186
289 186
290 186
291 186
292 186
293 186
303 186
304 186
305 186
306 186
307 186
308 186
0 187
290 187
291 187
292 187
293 187
294 187
295 187
305 187
306 187
307 187
308 187
0 188
1 188
2 188
292 188
293 188
294 188
295 188
296 188
297 188
308 188
0 189
1 189
2 189
3 189
293 189
294 189
295 189
296 189
297 189
298 189
299 189
1 190
2 190
3 190
4 190
295 190
296 190
297 190
298 190
299 190
300 190
301 190
3 191
4 191
5 191
6 191
297 191
298 191
299 191
300 191
301 191
302 191
303 191
4 192
5 192
6 192
7 192
299 192
300 192
301 192
302 192
303 192
304 192
305 192
5 193
6 193
7 193
8 193
301 193
302 193
303 193
304 193
305 193
306 193
307 193
7 194
8 194
9 194
303 194
304 194
305 194
306 194
307 194
308 194
8 195
9 195
10 195
11 195
305 195
306 195
307 195
308 195
0 196
1 196
2 196
9 196
10 196
11 196
12 196
308 196
0 197
1 197
2 197
3 197
4 197
10 197
11 197
12 197
13 197
14 197
1 198
2 198
3 198
4 198
5 198
6 198
12 198
13 198
14 198
15 198
3 199
4 199
5 199
6 199
7 199
8 199
9 199
13 199
14 199
15 199
16 199
17 199
5 200
6 200
7 200
8 200
9 200
10 200
11 200
12 200
13 200
14 200
15 200
16 200
17 200
7 201
8 201
9 201
10 201
11 201
12 201
13 201
14 201
15 201
16 201
17 201
11 202
12 202
13 202
14 202
15 202
16 202
17 202
15 203
16 203
17 203
