0
2567
2 0
5 0
10 0
13 0
14 0
15 0
16 0
17 0
178 15
179 15
180 15
178 16
179 16
180 16
181 16
178 17
179 17
180 17
181 17
182 17
178 18
179 18
180 18
181 18
182 18
183 18
219 18
220 18
221 18
178 19
179 19
180 19
181 19
182 19
183 19
184 19
185 19
219 19
220 19
221 19
179 20
180 20
181 20
182 20
183 20
184 20
185 20
186 20
187 20
219 20
220 20
221 20
179 21
180 21
181 21
183 21
184 21
185 21
186 21
187 21
188 21
189 21
219 21
220 21
221 21
222 21
179 22
180 22
181 22
185 22
186 22
187 22
188 22
189 22
190 22
191 22
192 22
220 22
221 22
222 22
179 23
180 23
181 23
187 23
188 23
189 23
190 23
191 23
192 23
193 23
194 23
220 23
221 23
222 23
179 24
180 24
181 24
190 24
191 24
192 24
193 24
194 24
195 24
196 24
197 24
198 24
199 24
220 24
221 24
222 24
223 24
179 25
180 25
181 25
192 25
193 25
194 25
195 25
196 25
197 25
198 25
199 25
221 25
222 25
223 25
179 26
180 26
181 26
195 26
196 26
197 26
198 26
199 26
221 26
222 26
223 26
179 27
180 27
181 27
222 27
223 27
224 27
179 28
180 28
181 28
222 28
223 28
224 28
179 29
180 29
181 29
222 29
223 29
224 29
239 29
240 29
241 29
120 30
121 30
122 30
123 30
180 30
181 30
182 30
223 30
224 30
225 30
239 30
240 30
241 30
120 31
121 31
122 31
123 31
180 31
181 31
182 31
223 31
224 31
225 31
239 31
240 31
241 31
120 32
121 32
122 32
123 32
153 32
154 32
155 32
156 32
157 32
158 32
159 32
160 32
180 32
181 32
182 32
223 32
224 32
225 32
239 32
240 32
241 32
121 33
122 33
123 33
134 33
135 33
136 33
137 33
153 33
154 33
155 33
156 33
157 33
158 33
159 33
160 33
161 33
180 33
181 33
182 33
223 33
224 33
225 33
226 33
239 33
240 33
241 33
121 34
122 34
123 34
134 34
135 34
136 34
137 34
138 34
153 34
154 34
155 34
156 34
157 34
158 34
159 34
160 34
161 34
162 34
180 34
181 34
182 34
223 34
224 34
225 34
226 34
227 34
228 34
238 34
239 34
240 34
121 35
122 35
123 35
124 35
134 35
135 35
136 35
137 35
138 35
153 35
154 35
155 35
158 35
159 35
160 35
161 35
162 35
163 35
180 35
181 35
182 35
223 35
224 35
225 35
226 35
227 35
228 35
229 35
230 35
231 35
238 35
239 35
240 35
122 36
123 36
124 36
134 36
135 36
136 36
137 36
138 36
139 36
153 36
154 36
155 36
160 36
161 36
162 36
163 36
164 36
181 36
182 36
183 36
225 36
226 36
227 36
228 36
229 36
230 36
231 36
232 36
233 36
234 36
238 36
239 36
240 36
122 37
123 37
124 37
134 37
135 37
136 37
137 37
138 37
139 37
153 37
154 37
155 37
156 37
161 37
162 37
163 37
164 37
181 37
182 37
183 37
225 37
226 37
227 37
228 37
229 37
230 37
231 37
232 37
233 37
234 37
235 37
236 37
237 37
238 37
239 37
240 37
122 38
123 38
124 38
135 38
136 38
137 38
138 38
139 38
140 38
153 38
154 38
155 38
156 38
162 38
163 38
164 38
165 38
181 38
182 38
183 38
225 38
226 38
227 38
228 38
231 38
232 38
233 38
234 38
235 38
236 38
237 38
238 38
239 38
240 38
122 39
123 39
124 39
136 39
137 39
138 39
139 39
140 39
141 39
154 39
155 39
156 39
163 39
164 39
165 39
166 39
181 39
182 39
183 39
184 39
226 39
227 39
228 39
235 39
236 39
237 39
238 39
239 39
240 39
122 40
123 40
124 40
125 40
136 40
137 40
138 40
139 40
140 40
141 40
154 40
155 40
156 40
157 40
158 40
163 40
164 40
165 40
166 40
167 40
182 40
183 40
184 40
227 40
228 40
229 40
236 40
237 40
238 40
239 40
240 40
241 40
242 40
123 41
124 41
125 41
136 41
137 41
138 41
139 41
140 41
141 41
155 41
156 41
157 41
158 41
164 41
165 41
166 41
167 41
168 41
182 41
183 41
184 41
185 41
227 41
228 41
229 41
230 41
237 41
238 41
239 41
240 41
241 41
242 41
123 42
124 42
125 42
126 42
133 42
134 42
135 42
136 42
137 42
138 42
139 42
140 42
141 42
156 42
157 42
158 42
159 42
165 42
166 42
167 42
168 42
182 42
183 42
184 42
185 42
228 42
229 42
230 42
238 42
239 42
240 42
241 42
242 42
123 43
124 43
125 43
126 43
129 43
130 43
131 43
132 43
133 43
134 43
135 43
136 43
137 43
138 43
139 43
140 43
141 43
157 43
158 43
159 43
163 43
164 43
165 43
166 43
167 43
168 43
183 43
184 43
185 43
228 43
229 43
230 43
231 43
238 43
239 43
240 43
121 44
122 44
123 44
124 44
125 44
126 44
127 44
128 44
129 44
130 44
131 44
132 44
133 44
134 44
135 44
136 44
137 44
138 44
139 44
157 44
158 44
159 44
160 44
162 44
163 44
164 44
165 44
166 44
167 44
168 44
183 44
184 44
185 44
229 44
230 44
231 44
238 44
239 44
240 44
121 45
122 45
123 45
124 45
125 45
126 45
127 45
128 45
129 45
130 45
131 45
132 45
133 45
137 45
138 45
139 45
140 45
157 45
158 45
159 45
160 45
161 45
162 45
163 45
164 45
165 45
166 45
167 45
168 45
183 45
184 45
185 45
229 45
230 45
231 45
232 45
238 45
239 45
240 45
121 46
122 46
123 46
124 46
125 46
126 46
127 46
128 46
129 46
137 46
138 46
139 46
140 46
158 46
159 46
160 46
161 46
162 46
163 46
164 46
165 46
183 46
184 46
185 46
186 46
230 46
231 46
232 46
238 46
239 46
240 46
124 47
125 47
126 47
138 47
139 47
140 47
141 47
159 47
160 47
161 47
162 47
163 47
164 47
165 47
166 47
183 47
184 47
185 47
186 47
230 47
231 47
232 47
238 47
239 47
240 47
124 48
125 48
126 48
138 48
139 48
140 48
141 48
161 48
162 48
163 48
164 48
165 48
166 48
184 48
185 48
186 48
231 48
232 48
233 48
238 48
239 48
240 48
124 49
125 49
126 49
139 49
140 49
141 49
161 49
162 49
163 49
164 49
165 49
166 49
184 49
185 49
186 49
187 49
231 49
232 49
233 49
238 49
239 49
240 49
124 50
125 50
126 50
139 50
140 50
141 50
142 50
185 50
186 50
187 50
231 50
232 50
233 50
234 50
238 50
239 50
240 50
124 51
125 51
126 51
127 51
140 51
141 51
142 51
185 51
186 51
187 51
232 51
233 51
234 51
238 51
239 51
240 51
125 52
126 52
127 52
140 52
141 52
142 52
185 52
186 52
187 52
232 52
233 52
234 52
238 52
239 52
240 52
125 53
126 53
127 53
128 53
140 53
141 53
142 53
185 53
186 53
187 53
233 53
234 53
235 53
238 53
239 53
240 53
125 54
126 54
127 54
128 54
140 54
141 54
142 54
143 54
185 54
186 54
187 54
233 54
234 54
235 54
238 54
239 54
240 54
126 55
127 55
128 55
140 55
141 55
142 55
143 55
185 55
186 55
187 55
233 55
234 55
235 55
238 55
239 55
240 55
55 56
56 56
57 56
58 56
59 56
126 56
127 56
128 56
140 56
141 56
142 56
143 56
185 56
186 56
187 56
234 56
235 56
236 56
238 56
239 56
240 56
55 57
56 57
57 57
58 57
59 57
60 57
61 57
126 57
127 57
128 57
141 57
142 57
143 57
185 57
186 57
187 57
234 57
235 57
236 57
238 57
239 57
240 57
55 58
56 58
57 58
58 58
59 58
60 58
61 58
62 58
126 58
127 58
128 58
234 58
235 58
236 58
237 58
238 58
239 58
240 58
59 59
60 59
61 59
62 59
63 59
126 59
127 59
128 59
235 59
236 59
237 59
238 59
239 59
240 59
61 60
62 60
63 60
64 60
65 60
66 60
67 60
235 60
236 60
237 60
238 60
239 60
240 60
62 61
63 61
64 61
65 61
66 61
67 61
236 61
237 61
238 61
239 61
240 61
62 62
63 62
64 62
65 62
66 62
67 62
68 62
236 62
237 62
238 62
239 62
240 62
66 63
67 63
68 63
69 63
237 63
238 63
239 63
240 63
66 64
67 64
68 64
69 64
70 64
237 64
238 64
239 64
240 64
67 65
68 65
69 65
70 65
71 65
237 65
238 65
239 65
240 65
68 66
69 66
70 66
71 66
72 66
73 66
237 66
238 66
239 66
240 66
69 67
70 67
71 67
72 67
73 67
74 67
237 67
238 67
239 67
240 67
71 68
72 68
73 68
74 68
75 68
237 68
238 68
239 68
240 68
72 69
73 69
74 69
75 69
76 69
77 69
73 70
74 70
75 70
76 70
77 70
75 71
76 71
77 71
78 71
75 72
76 72
77 72
78 72
79 72
75 73
76 73
77 73
78 73
79 73
80 73
77 74
78 74
79 74
80 74
81 74
77 75
78 75
79 75
80 75
81 75
82 75
79 76
80 76
81 76
82 76
83 76
80 77
81 77
82 77
83 77
84 77
85 77
81 78
82 78
83 78
84 78
85 78
227 78
228 78
229 78
230 78
82 79
83 79
84 79
85 79
86 79
87 79
227 79
228 79
229 79
230 79
83 80
84 80
85 80
86 80
87 80
226 80
227 80
228 80
229 80
230 80
84 81
85 81
86 81
87 81
88 81
225 81
226 81
227 81
228 81
229 81
85 82
86 82
87 82
88 82
89 82
90 82
224 82
225 82
226 82
227 82
228 82
86 83
87 83
88 83
89 83
90 83
91 83
223 83
224 83
225 83
226 83
227 83
86 84
87 84
88 84
89 84
90 84
91 84
92 84
222 84
223 84
224 84
225 84
226 84
89 85
90 85
91 85
92 85
222 85
223 85
224 85
225 85
90 86
91 86
92 86
93 86
221 86
222 86
223 86
224 86
91 87
92 87
93 87
94 87
220 87
221 87
222 87
223 87
91 88
92 88
93 88
94 88
220 88
221 88
222 88
91 89
92 89
93 89
94 89
95 89
219 89
220 89
221 89
93 90
94 90
95 90
96 90
218 90
219 90
220 90
221 90
93 91
94 91
95 91
96 91
97 91
217 91
218 91
219 91
220 91
94 92
95 92
96 92
97 92
98 92
217 92
218 92
219 92
96 93
97 93
98 93
99 93
216 93
217 93
218 93
219 93
97 94
98 94
99 94
100 94
215 94
216 94
217 94
218 94
97 95
98 95
99 95
100 95
101 95
102 95
214 95
215 95
216 95
217 95
99 96
100 96
101 96
102 96
103 96
213 96
214 96
215 96
216 96
100 97
101 97
102 97
103 97
104 97
212 97
213 97
214 97
215 97
101 98
102 98
103 98
104 98
105 98
211 98
212 98
213 98
214 98
215 98
102 99
103 99
104 99
105 99
106 99
210 99
211 99
212 99
213 99
214 99
103 100
104 100
105 100
106 100
107 100
208 100
209 100
210 100
211 100
212 100
213 100
104 101
105 101
106 101
107 101
108 101
206 101
207 101
208 101
209 101
210 101
211 101
212 101
105 102
106 102
107 102
108 102
109 102
205 102
206 102
207 102
208 102
209 102
210 102
106 103
107 103
108 103
109 103
110 103
203 103
204 103
205 103
206 103
207 103
107 104
108 104
109 104
110 104
111 104
112 104
202 104
203 104
204 104
205 104
206 104
108 105
109 105
110 105
111 105
112 105
201 105
202 105
203 105
204 105
205 105
206 105
110 106
111 106
112 106
113 106
114 106
200 106
201 106
202 106
203 106
204 106
111 107
112 107
113 107
114 107
115 107
116 107
199 107
200 107
201 107
202 107
203 107
112 108
113 108
114 108
115 108
116 108
198 108
199 108
200 108
201 108
202 108
114 109
115 109
116 109
117 109
197 109
198 109
199 109
200 109
201 109
115 110
116 110
117 110
118 110
195 110
196 110
197 110
198 110
199 110
200 110
115 111
116 111
117 111
118 111
119 111
120 111
193 111
194 111
195 111
196 111
197 111
198 111
199 111
117 112
118 112
119 112
120 112
121 112
192 112
193 112
194 112
195 112
196 112
197 112
118 113
119 113
120 113
121 113
122 113
190 113
191 113
192 113
193 113
194 113
195 113
119 114
120 114
121 114
122 114
123 114
189 114
190 114
191 114
192 114
193 114
120 115
121 115
122 115
123 115
124 115
188 115
189 115
190 115
191 115
192 115
121 116
122 116
123 116
124 116
125 116
187 116
188 116
189 116
190 116
191 116
122 117
123 117
124 117
125 117
126 117
127 117
185 117
186 117
187 117
188 117
189 117
190 117
124 118
125 118
126 118
127 118
128 118
184 118
185 118
186 118
187 118
188 118
189 118
125 119
126 119
127 119
128 119
129 119
183 119
184 119
185 119
186 119
187 119
126 120
127 120
128 120
129 120
130 120
131 120
181 120
182 120
183 120
184 120
185 120
186 120
127 121
128 121
129 121
130 121
131 121
132 121
181 121
182 121
183 121
184 121
185 121
129 122
130 122
131 122
132 122
133 122
180 122
181 122
182 122
183 122
130 123
131 123
132 123
133 123
134 123
135 123
179 123
180 123
181 123
182 123
131 124
132 124
133 124
134 124
135 124
136 124
177 124
178 124
179 124
180 124
181 124
182 124
133 125
134 125
135 125
136 125
137 125
138 125
175 125
176 125
177 125
178 125
179 125
180 125
135 126
136 126
137 126
138 126
139 126
140 126
173 126
174 126
175 126
176 126
177 126
178 126
137 127
138 127
139 127
140 127
141 127
171 127
172 127
173 127
174 127
175 127
176 127
177 127
138 128
139 128
140 128
141 128
142 128
143 128
169 128
170 128
171 128
172 128
173 128
174 128
175 128
140 129
141 129
142 129
143 129
144 129
145 129
166 129
167 129
168 129
169 129
170 129
171 129
172 129
173 129
142 130
143 130
144 130
145 130
146 130
164 130
165 130
166 130
167 130
168 130
169 130
170 130
171 130
143 131
144 131
145 131
146 131
147 131
148 131
162 131
163 131
164 131
165 131
166 131
167 131
168 131
145 132
146 132
147 132
148 132
149 132
159 132
160 132
161 132
162 132
163 132
164 132
165 132
166 132
146 133
147 133
148 133
149 133
150 133
157 133
158 133
159 133
160 133
161 133
162 133
163 133
164 133
148 134
149 134
150 134
151 134
155 134
156 134
157 134
158 134
159 134
160 134
161 134
149 135
150 135
151 135
152 135
153 135
154 135
155 135
156 135
157 135
158 135
159 135
150 136
151 136
152 136
153 136
154 136
155 136
156 136
157 136
148 137
149 137
150 137
151 137
152 137
153 137
154 137
155 137
147 138
148 138
149 138
150 138
151 138
152 138
153 138
154 138
155 138
156 138
146 139
147 139
148 139
149 139
150 139
154 139
155 139
156 139
157 139
158 139
144 140
145 140
146 140
147 140
148 140
155 140
156 140
157 140
158 140
159 140
141 141
142 141
143 141
144 141
145 141
146 141
147 141
155 141
156 141
157 141
158 141
159 141
160 141
140 142
141 142
142 142
143 142
144 142
145 142
146 142
157 142
158 142
159 142
160 142
161 142
138 143
139 143
140 143
141 143
142 143
143 143
158 143
159 143
160 143
161 143
162 143
163 143
137 144
138 144
139 144
140 144
141 144
160 144
161 144
162 144
163 144
164 144
165 144
136 145
137 145
138 145
139 145
140 145
161 145
162 145
163 145
164 145
165 145
166 145
135 146
136 146
137 146
138 146
139 146
163 146
164 146
165 146
166 146
167 146
134 147
135 147
136 147
137 147
138 147
164 147
165 147
166 147
167 147
168 147
132 148
133 148
134 148
135 148
136 148
137 148
165 148
166 148
167 148
168 148
169 148
130 149
131 149
132 149
133 149
134 149
135 149
166 149
167 149
168 149
169 149
170 149
128 150
129 150
130 150
131 150
132 150
133 150
134 150
167 150
168 150
169 150
170 150
171 150
172 150
126 151
127 151
128 151
129 151
130 151
131 151
132 151
169 151
170 151
171 151
172 151
173 151
174 151
124 152
125 152
126 152
127 152
128 152
129 152
130 152
171 152
172 152
173 152
174 152
175 152
123 153
124 153
125 153
126 153
127 153
128 153
172 153
173 153
174 153
175 153
176 153
177 153
121 154
122 154
123 154
124 154
125 154
126 154
174 154
175 154
176 154
177 154
178 154
120 155
121 155
122 155
123 155
124 155
175 155
176 155
177 155
178 155
179 155
118 156
119 156
120 156
121 156
122 156
123 156
176 156
177 156
178 156
179 156
180 156
181 156
117 157
118 157
119 157
120 157
121 157
177 157
178 157
179 157
180 157
181 157
182 157
115 158
116 158
117 158
118 158
119 158
120 158
179 158
180 158
181 158
182 158
183 158
184 158
114 159
115 159
116 159
117 159
118 159
181 159
182 159
183 159
184 159
185 159
113 160
114 160
115 160
116 160
117 160
182 160
183 160
184 160
185 160
186 160
111 161
112 161
113 161
114 161
115 161
116 161
183 161
184 161
185 161
186 161
187 161
188 161
109 162
110 162
111 162
112 162
113 162
114 162
184 162
185 162
186 162
187 162
188 162
189 162
190 162
191 162
106 163
107 163
108 163
109 163
110 163
111 163
112 163
113 163
186 163
187 163
188 163
189 163
190 163
191 163
192 163
193 163
194 163
195 163
196 163
197 163
105 164
106 164
107 164
108 164
109 164
110 164
111 164
189 164
190 164
191 164
192 164
193 164
194 164
195 164
196 164
197 164
198 164
199 164
200 164
201 164
104 165
105 165
106 165
107 165
108 165
191 165
192 165
193 165
194 165
195 165
196 165
197 165
198 165
199 165
200 165
201 165
202 165
203 165
204 165
205 165
206 165
207 165
103 166
104 166
105 166
106 166
107 166
198 166
199 166
200 166
201 166
202 166
203 166
204 166
205 166
206 166
207 166
208 166
209 166
210 166
101 167
102 167
103 167
104 167
105 167
106 167
202 167
203 167
204 167
205 167
206 167
207 167
208 167
209 167
210 167
211 167
212 167
213 167
99 168
100 168
101 168
102 168
103 168
104 168
207 168
208 168
209 168
210 168
211 168
212 168
213 168
214 168
215 168
97 169
98 169
99 169
100 169
101 169
102 169
211 169
212 169
213 169
214 169
215 169
216 169
95 170
96 170
97 170
98 170
99 170
100 170
101 170
213 170
214 170
215 170
216 170
217 170
218 170
94 171
95 171
96 171
97 171
98 171
99 171
214 171
215 171
216 171
217 171
218 171
219 171
220 171
221 171
92 172
93 172
94 172
95 172
96 172
97 172
216 172
217 172
218 172
219 172
220 172
221 172
222 172
223 172
224 172
225 172
226 172
227 172
91 173
92 173
93 173
94 173
95 173
219 173
220 173
221 173
222 173
223 173
224 173
225 173
226 173
227 173
228 173
229 173
90 174
91 174
92 174
93 174
94 174
221 174
222 174
223 174
224 174
225 174
226 174
227 174
228 174
229 174
230 174
231 174
90 175
91 175
92 175
93 175
226 175
227 175
228 175
229 175
230 175
231 175
232 175
233 175
89 176
90 176
91 176
92 176
229 176
230 176
231 176
232 176
233 176
234 176
88 177
89 177
90 177
91 177
229 177
230 177
231 177
232 177
233 177
234 177
235 177
87 178
88 178
89 178
90 178
91 178
232 178
233 178
234 178
235 178
236 178
84 179
85 179
86 179
87 179
88 179
89 179
90 179
233 179
234 179
235 179
236 179
237 179
83 180
84 180
85 180
86 180
87 180
88 180
89 180
234 180
235 180
236 180
237 180
238 180
80 181
81 181
82 181
83 181
84 181
85 181
86 181
235 181
236 181
237 181
238 181
239 181
240 181
241 181
79 182
80 182
81 182
82 182
83 182
84 182
85 182
236 182
237 182
238 182
239 182
240 182
241 182
242 182
243 182
78 183
79 183
80 183
81 183
82 183
239 183
240 183
241 183
242 183
243 183
244 183
245 183
246 183
76 184
77 184
78 184
79 184
80 184
81 184
241 184
242 184
243 184
244 184
245 184
246 184
247 184
75 185
76 185
77 185
78 185
79 185
80 185
81 185
243 185
244 185
245 185
246 185
247 185
248 185
249 185
74 186
75 186
76 186
77 186
78 186
245 186
246 186
247 186
248 186
249 186
250 186
251 186
72 187
73 187
74 187
75 187
76 187
77 187
78 187
246 187
247 187
248 187
249 187
250 187
251 187
252 187
253 187
71 188
72 188
73 188
74 188
75 188
76 188
249 188
250 188
251 188
252 188
253 188
254 188
255 188
66 189
67 189
68 189
69 189
70 189
71 189
72 189
73 189
74 189
250 189
251 189
252 189
253 189
254 189
255 189
256 189
257 189
66 190
67 190
68 190
69 190
70 190
71 190
72 190
73 190
251 190
252 190
253 190
254 190
255 190
256 190
257 190
258 190
259 190
260 190
261 190
262 190
66 191
67 191
68 191
69 191
70 191
254 191
255 191
256 191
257 191
258 191
259 191
260 191
261 191
262 191
263 191
264 191
265 191
266 191
267 191
257 192
258 192
259 192
260 192
261 192
262 192
263 192
264 192
265 192
266 192
267 192
261 193
262 193
263 193
264 193
265 193
266 193
267 193
268 193
269 193
270 193
266 194
267 194
268 194
269 194
270 194
271 194
272 194
273 194
267 195
268 195
269 195
270 195
271 195
272 195
273 195
269 196
270 196
271 196
272 196
273 196
274 196
275 196
271 197
272 197
273 197
274 197
275 197
276 197
272 198
273 198
274 198
275 198
276 198
277 198
278 198
274 199
275 199
276 199
277 199
278 199
279 199
280 199
281 199
274 200
275 200
276 200
277 200
278 200
279 200
280 200
281 200
282 200
283 200
284 200
285 200
279 201
280 201
281 201
282 201
283 201
284 201
285 201
286 201
281 202
282 202
283 202
284 202
285 202
286 202
287 202
283 203
284 203
285 203
286 203
287 203
285 204
286 204
287 204
288 204
285 205
286 205
287 205
288 205
289 205
290 205
286 206
287 206
288 206
289 206
290 206
291 206
287 207
288 207
289 207
290 207
291 207
292 207
293 207
289 208
290 208
291 208
292 208
293 208
294 208
290 209
291 209
292 209
293 209
294 209
295 209
296 209
291 210
292 210
293 210
294 210
295 210
296 210
297 210
294 211
295 211
296 211
297 211
298 211
299 211
295 212
296 212
297 212
298 212
299 212
300 212
301 212
295 213
296 213
297 213
298 213
299 213
300 213
301 213
302 213
303 213
297 214
298 214
299 214
300 214
301 214
302 214
303 214
304 214
300 215
301 215
302 215
303 215
304 215
302 216
303 216
304 216
302 217
303 217
304 217
