0
3074
2 0
5 0
10 0
13 0
14 0
15 0
16 0
17 0
788 111
785 112
786 112
787 112
788 112
789 112
770 113
771 113
772 113
773 113
774 113
775 113
776 113
777 113
778 113
779 113
780 113
781 113
782 113
783 113
784 113
785 113
786 113
787 113
788 113
757 114
758 114
759 114
760 114
761 114
762 114
763 114
764 114
765 114
766 114
767 114
768 114
769 114
770 114
771 114
772 114
773 114
774 114
775 114
776 114
777 114
778 114
779 114
780 114
781 114
782 114
783 114
784 114
785 114
786 114
787 114
788 114
744 115
745 115
746 115
747 115
748 115
749 115
750 115
751 115
752 115
753 115
754 115
755 115
756 115
757 115
758 115
759 115
760 115
761 115
762 115
763 115
764 115
765 115
766 115
767 115
768 115
769 115
770 115
771 115
772 115
773 115
774 115
775 115
776 115
777 115
778 115
779 115
780 115
781 115
782 115
783 115
784 115
785 115
786 115
732 116
733 116
734 116
735 116
736 116
737 116
738 116
739 116
740 116
741 116
742 116
743 116
744 116
745 116
746 116
747 116
748 116
749 116
750 116
751 116
752 116
753 116
754 116
755 116
756 116
757 116
758 116
782 116
783 116
784 116
785 116
719 117
720 117
721 117
722 117
723 117
724 117
725 117
726 117
727 117
728 117
729 117
730 117
731 117
732 117
733 117
734 117
735 117
736 117
737 117
738 117
739 117
740 117
741 117
742 117
743 117
744 117
745 117
780 117
781 117
782 117
783 117
706 118
707 118
708 118
709 118
710 118
711 118
712 118
713 118
714 118
715 118
716 118
717 118
718 118
719 118
720 118
721 118
722 118
723 118
724 118
725 118
726 118
727 118
728 118
729 118
730 118
731 118
732 118
778 118
779 118
780 118
781 118
692 119
693 119
694 119
695 119
696 119
697 119
698 119
699 119
700 119
701 119
702 119
703 119
704 119
705 119
706 119
707 119
708 119
709 119
710 119
711 119
712 119
713 119
714 119
715 119
716 119
717 119
718 119
719 119
775 119
776 119
777 119
778 119
779 119
679 120
680 120
681 120
682 120
683 120
684 120
685 120
686 120
687 120
688 120
689 120
690 120
691 120
692 120
693 120
694 120
695 120
696 120
697 120
698 120
699 120
700 120
701 120
702 120
703 120
704 120
705 120
706 120
773 120
774 120
775 120
776 120
777 120
666 121
667 121
668 121
669 121
670 121
671 121
672 121
673 121
674 121
675 121
676 121
677 121
678 121
679 121
680 121
681 121
682 121
683 121
684 121
685 121
686 121
687 121
688 121
689 121
690 121
691 121
692 121
693 121
771 121
772 121
773 121
774 121
775 121
653 122
654 122
655 122
656 122
657 122
658 122
659 122
660 122
661 122
662 122
663 122
664 122
665 122
666 122
667 122
668 122
669 122
670 122
671 122
672 122
673 122
674 122
675 122
676 122
677 122
678 122
679 122
680 122
768 122
769 122
770 122
771 122
772 122
640 123
641 123
642 123
643 123
644 123
645 123
646 123
647 123
648 123
649 123
650 123
651 123
652 123
653 123
654 123
655 123
656 123
657 123
658 123
659 123
660 123
661 123
662 123
663 123
664 123
665 123
666 123
667 123
766 123
767 123
768 123
769 123
770 123
626 124
627 124
628 124
629 124
630 124
631 124
632 124
633 124
634 124
635 124
636 124
637 124
638 124
639 124
640 124
641 124
642 124
643 124
644 124
645 124
646 124
647 124
648 124
649 124
650 124
651 124
652 124
653 124
654 124
764 124
765 124
766 124
767 124
768 124
608 125
609 125
610 125
611 125
612 125
613 125
614 125
615 125
616 125
617 125
618 125
619 125
620 125
621 125
622 125
623 125
624 125
625 125
626 125
627 125
628 125
629 125
630 125
631 125
632 125
633 125
634 125
635 125
636 125
637 125
638 125
639 125
640 125
641 125
762 125
763 125
764 125
765 125
591 126
592 126
593 126
594 126
595 126
596 126
597 126
598 126
599 126
600 126
601 126
602 126
603 126
604 126
605 126
606 126
607 126
608 126
609 126
610 126
611 126
612 126
613 126
614 126
615 126
616 126
617 126
618 126
619 126
620 126
621 126
622 126
623 126
624 126
625 126
626 126
627 126
759 126
760 126
761 126
762 126
763 126
573 127
574 127
575 127
576 127
577 127
578 127
579 127
580 127
581 127
582 127
583 127
584 127
585 127
586 127
587 127
588 127
589 127
590 127
591 127
592 127
593 127
594 127
595 127
596 127
597 127
598 127
599 127
600 127
601 127
602 127
603 127
604 127
605 127
606 127
607 127
608 127
609 127
610 127
757 127
758 127
759 127
760 127
761 127
556 128
557 128
558 128
559 128
560 128
561 128
562 128
563 128
564 128
565 128
566 128
567 128
568 128
569 128
570 128
571 128
572 128
573 128
574 128
575 128
576 128
577 128
578 128
579 128
580 128
581 128
582 128
583 128
584 128
585 128
586 128
587 128
588 128
589 128
590 128
591 128
592 128
755 128
756 128
757 128
758 128
759 128
538 129
539 129
540 129
541 129
542 129
543 129
544 129
545 129
546 129
547 129
548 129
549 129
550 129
551 129
552 129
553 129
554 129
555 129
556 129
557 129
558 129
559 129
560 129
561 129
562 129
563 129
564 129
565 129
566 129
567 129
568 129
569 129
570 129
571 129
572 129
573 129
574 129
575 129
752 129
753 129
754 129
755 129
756 129
513 130
514 130
515 130
516 130
517 130
518 130
519 130
520 130
521 130
522 130
523 130
524 130
525 130
526 130
527 130
528 130
529 130
530 130
531 130
532 130
533 130
534 130
535 130
536 130
537 130
538 130
539 130
540 130
541 130
542 130
543 130
544 130
545 130
546 130
547 130
548 130
549 130
550 130
551 130
552 130
553 130
554 130
555 130
556 130
557 130
750 130
751 130
752 130
753 130
754 130
464 131
465 131
466 131
467 131
468 131
469 131
470 131
471 131
472 131
473 131
474 131
475 131
476 131
477 131
478 131
479 131
480 131
481 131
482 131
483 131
484 131
485 131
486 131
487 131
488 131
489 131
490 131
491 131
492 131
493 131
494 131
495 131
496 131
497 131
498 131
499 131
500 131
501 131
502 131
503 131
504 131
505 131
506 131
507 131
508 131
509 131
510 131
511 131
512 131
513 131
514 131
515 131
516 131
517 131
518 131
519 131
520 131
521 131
522 131
523 131
524 131
525 131
526 131
527 131
528 131
529 131
530 131
531 131
532 131
533 131
534 131
535 131
536 131
537 131
538 131
539 131
540 131
748 131
749 131
750 131
751 131
752 131
328 132
329 132
330 132
331 132
332 132
333 132
334 132
335 132
336 132
337 132
338 132
339 132
340 132
341 132
342 132
343 132
344 132
345 132
346 132
347 132
348 132
349 132
350 132
351 132
352 132
353 132
354 132
355 132
356 132
357 132
358 132
359 132
360 132
361 132
362 132
363 132
364 132
365 132
366 132
367 132
368 132
369 132
370 132
371 132
372 132
373 132
374 132
375 132
376 132
377 132
378 132
379 132
380 132
381 132
382 132
383 132
384 132
385 132
386 132
387 132
388 132
389 132
390 132
391 132
392 132
393 132
394 132
395 132
396 132
397 132
398 132
399 132
400 132
401 132
402 132
403 132
404 132
405 132
406 132
407 132
408 132
409 132
410 132
411 132
412 132
413 132
414 132
415 132
416 132
417 132
418 132
419 132
420 132
421 132
422 132
423 132
424 132
425 132
426 132
427 132
428 132
429 132
430 132
431 132
432 132
433 132
434 132
435 132
436 132
437 132
438 132
439 132
440 132
441 132
442 132
443 132
444 132
445 132
446 132
447 132
448 132
449 132
450 132
451 132
452 132
453 132
454 132
455 132
456 132
457 132
458 132
459 132
460 132
461 132
462 132
463 132
464 132
465 132
466 132
467 132
468 132
469 132
470 132
471 132
472 132
473 132
474 132
475 132
476 132
477 132
478 132
479 132
480 132
481 132
482 132
483 132
484 132
485 132
486 132
487 132
488 132
489 132
490 132
491 132
492 132
493 132
494 132
495 132
496 132
497 132
498 132
499 132
500 132
501 132
502 132
503 132
504 132
505 132
506 132
507 132
508 132
509 132
510 132
511 132
512 132
513 132
514 132
515 132
516 132
517 132
518 132
519 132
520 132
746 132
747 132
748 132
749 132
328 133
329 133
330 133
331 133
332 133
333 133
334 133
335 133
336 133
337 133
338 133
339 133
340 133
341 133
342 133
343 133
344 133
345 133
346 133
347 133
348 133
349 133
350 133
351 133
352 133
353 133
354 133
355 133
356 133
357 133
358 133
359 133
360 133
361 133
362 133
363 133
364 133
365 133
366 133
367 133
368 133
369 133
370 133
371 133
372 133
373 133
374 133
375 133
376 133
377 133
378 133
379 133
380 133
381 133
382 133
383 133
384 133
385 133
386 133
387 133
388 133
389 133
390 133
391 133
392 133
393 133
394 133
395 133
396 133
397 133
398 133
399 133
400 133
401 133
402 133
403 133
404 133
405 133
406 133
407 133
408 133
409 133
410 133
411 133
412 133
413 133
414 133
415 133
416 133
417 133
418 133
419 133
420 133
421 133
422 133
423 133
424 133
425 133
426 133
427 133
428 133
429 133
430 133
431 133
432 133
433 133
434 133
435 133
436 133
437 133
438 133
439 133
440 133
441 133
442 133
443 133
444 133
445 133
446 133
447 133
448 133
449 133
450 133
451 133
452 133
453 133
454 133
455 133
456 133
457 133
458 133
459 133
460 133
461 133
462 133
463 133
464 133
465 133
466 133
467 133
468 133
469 133
470 133
471 133
472 133
473 133
744 133
745 133
746 133
747 133
327 134
328 134
329 134
330 134
331 134
332 134
333 134
334 134
335 134
336 134
337 134
338 134
339 134
340 134
341 134
342 134
343 134
344 134
345 134
346 134
347 134
348 134
349 134
350 134
351 134
352 134
353 134
354 134
355 134
356 134
357 134
358 134
359 134
360 134
361 134
362 134
363 134
364 134
365 134
366 134
367 134
368 134
369 134
370 134
371 134
372 134
373 134
374 134
375 134
376 134
377 134
378 134
379 134
380 134
381 134
382 134
383 134
384 134
385 134
386 134
387 134
388 134
389 134
390 134
391 134
392 134
393 134
394 134
395 134
396 134
397 134
398 134
399 134
400 134
401 134
402 134
403 134
404 134
405 134
406 134
407 134
408 134
409 134
410 134
411 134
412 134
413 134
414 134
415 134
416 134
417 134
418 134
419 134
420 134
421 134
422 134
423 134
424 134
425 134
742 134
743 134
744 134
745 134
328 135
329 135
330 135
740 135
741 135
742 135
743 135
744 135
329 136
330 136
331 136
738 136
739 136
740 136
741 136
742 136
330 137
331 137
332 137
736 137
737 137
738 137
739 137
740 137
331 138
332 138
333 138
334 138
734 138
735 138
736 138
737 138
738 138
333 139
334 139
335 139
732 139
733 139
734 139
735 139
736 139
334 140
335 140
336 140
730 140
731 140
732 140
733 140
734 140
335 141
336 141
337 141
728 141
729 141
730 141
731 141
732 141
336 142
337 142
338 142
726 142
727 142
728 142
729 142
730 142
337 143
338 143
724 143
725 143
726 143
727 143
728 143
338 144
339 144
722 144
723 144
724 144
725 144
726 144
339 145
340 145
721 145
722 145
723 145
724 145
340 146
341 146
719 146
720 146
721 146
722 146
340 147
341 147
342 147
717 147
718 147
719 147
720 147
341 148
342 148
343 148
715 148
716 148
717 148
718 148
342 149
343 149
344 149
713 149
714 149
715 149
716 149
343 150
344 150
345 150
711 150
712 150
713 150
714 150
344 151
345 151
709 151
710 151
711 151
712 151
345 152
346 152
707 152
708 152
709 152
710 152
346 153
347 153
705 153
706 153
707 153
708 153
347 154
348 154
703 154
704 154
705 154
706 154
347 155
348 155
349 155
701 155
702 155
703 155
704 155
348 156
349 156
350 156
699 156
700 156
701 156
702 156
349 157
350 157
351 157
697 157
698 157
699 157
700 157
350 158
351 158
695 158
696 158
697 158
698 158
351 159
352 159
693 159
694 159
695 159
696 159
352 160
353 160
691 160
692 160
693 160
694 160
353 161
354 161
689 161
690 161
691 161
692 161
353 162
354 162
355 162
687 162
688 162
689 162
690 162
354 163
355 163
356 163
685 163
686 163
687 163
688 163
355 164
356 164
357 164
683 164
684 164
685 164
686 164
356 165
357 165
358 165
681 165
682 165
683 165
684 165
357 166
358 166
679 166
680 166
681 166
682 166
358 167
359 167
677 167
678 167
679 167
680 167
359 168
360 168
675 168
676 168
677 168
678 168
360 169
361 169
673 169
674 169
675 169
676 169
360 170
361 170
362 170
671 170
672 170
673 170
674 170
361 171
362 171
363 171
669 171
670 171
671 171
672 171
362 172
363 172
364 172
667 172
668 172
669 172
670 172
363 173
364 173
665 173
666 173
667 173
668 173
364 174
365 174
663 174
664 174
665 174
666 174
365 175
366 175
661 175
662 175
663 175
664 175
366 176
367 176
659 176
660 176
661 176
662 176
366 177
367 177
368 177
657 177
658 177
659 177
660 177
367 178
368 178
369 178
655 178
656 178
657 178
658 178
368 179
369 179
370 179
653 179
654 179
655 179
656 179
369 180
370 180
371 180
651 180
652 180
653 180
654 180
370 181
371 181
649 181
650 181
651 181
652 181
371 182
372 182
647 182
648 182
649 182
650 182
372 183
373 183
645 183
646 183
647 183
648 183
373 184
374 184
642 184
643 184
644 184
645 184
646 184
373 185
374 185
375 185
640 185
641 185
642 185
643 185
644 185
374 186
375 186
376 186
638 186
639 186
640 186
641 186
642 186
375 187
376 187
377 187
636 187
637 187
638 187
639 187
640 187
376 188
377 188
634 188
635 188
636 188
637 188
638 188
377 189
378 189
632 189
633 189
634 189
635 189
636 189
378 190
379 190
630 190
631 190
632 190
633 190
634 190
379 191
380 191
628 191
629 191
630 191
631 191
632 191
379 192
380 192
381 192
626 192
627 192
628 192
629 192
630 192
380 193
381 193
382 193
624 193
625 193
626 193
627 193
381 194
382 194
383 194
622 194
623 194
624 194
625 194
382 195
383 195
384 195
620 195
621 195
622 195
623 195
383 196
384 196
618 196
619 196
620 196
621 196
384 197
385 197
616 197
617 197
618 197
619 197
385 198
386 198
614 198
615 198
616 198
617 198
386 199
387 199
612 199
613 199
614 199
615 199
386 200
387 200
388 200
610 200
611 200
612 200
613 200
387 201
388 201
389 201
608 201
609 201
610 201
611 201
388 202
389 202
390 202
606 202
607 202
608 202
609 202
389 203
390 203
391 203
604 203
605 203
606 203
607 203
390 204
391 204
602 204
603 204
604 204
605 204
391 205
392 205
600 205
601 205
602 205
603 205
392 206
393 206
598 206
599 206
600 206
601 206
393 207
394 207
596 207
597 207
598 207
599 207
393 208
394 208
395 208
593 208
594 208
595 208
596 208
597 208
394 209
395 209
396 209
591 209
592 209
593 209
594 209
595 209
395 210
396 210
397 210
589 210
590 210
591 210
592 210
593 210
396 211
397 211
587 211
588 211
589 211
590 211
591 211
397 212
398 212
585 212
586 212
587 212
588 212
589 212
398 213
399 213
583 213
584 213
585 213
586 213
587 213
399 214
400 214
581 214
582 214
583 214
584 214
585 214
399 215
400 215
401 215
579 215
580 215
581 215
582 215
583 215
400 216
401 216
402 216
577 216
578 216
579 216
580 216
581 216
401 217
402 217
403 217
575 217
576 217
577 217
578 217
402 218
403 218
404 218
573 218
574 218
575 218
576 218
403 219
404 219
571 219
572 219
573 219
574 219
404 220
405 220
569 220
570 220
571 220
572 220
573 220
405 221
406 221
567 221
568 221
569 221
570 221
571 221
406 222
407 222
565 222
566 222
567 222
568 222
569 222
406 223
407 223
408 223
563 223
564 223
565 223
566 223
567 223
407 224
408 224
409 224
561 224
562 224
563 224
564 224
565 224
408 225
409 225
410 225
559 225
560 225
561 225
562 225
563 225
409 226
410 226
557 226
558 226
559 226
560 226
561 226
410 227
411 227
555 227
556 227
557 227
558 227
559 227
411 228
412 228
554 228
555 228
556 228
557 228
412 229
413 229
552 229
553 229
554 229
555 229
412 230
413 230
414 230
550 230
551 230
552 230
553 230
413 231
414 231
415 231
548 231
549 231
550 231
551 231
414 232
415 232
416 232
546 232
547 232
548 232
549 232
415 233
416 233
417 233
544 233
545 233
546 233
547 233
416 234
417 234
542 234
543 234
544 234
545 234
417 235
418 235
540 235
541 235
542 235
543 235
418 236
419 236
538 236
539 236
540 236
541 236
419 237
420 237
536 237
537 237
538 237
539 237
419 238
420 238
421 238
534 238
535 238
536 238
537 238
420 239
421 239
422 239
532 239
533 239
534 239
535 239
421 240
422 240
423 240
530 240
531 240
532 240
533 240
422 241
423 241
528 241
529 241
530 241
531 241
423 242
424 242
526 242
527 242
528 242
529 242
424 243
425 243
524 243
525 243
526 243
527 243
425 244
426 244
522 244
523 244
524 244
525 244
425 245
426 245
427 245
520 245
521 245
522 245
523 245
426 246
427 246
428 246
518 246
519 246
520 246
521 246
427 247
428 247
429 247
516 247
517 247
518 247
519 247
428 248
429 248
430 248
516 248
517 248
429 249
430 249
515 249
516 249
430 250
431 250
513 250
514 250
515 250
516 250
431 251
432 251
512 251
513 251
514 251
432 252
433 252
510 252
511 252
512 252
513 252
432 253
433 253
434 253
508 253
509 253
510 253
511 253
433 254
434 254
435 254
507 254
508 254
509 254
510 254
434 255
435 255
436 255
505 255
506 255
507 255
508 255
435 256
436 256
504 256
505 256
506 256
436 257
437 257
502 257
503 257
504 257
505 257
437 258
438 258
501 258
502 258
503 258
438 259
439 259
499 259
500 259
501 259
502 259
438 260
439 260
440 260
498 260
499 260
500 260
439 261
440 261
441 261
496 261
497 261
498 261
499 261
440 262
441 262
442 262
495 262
496 262
497 262
441 263
442 263
443 263
493 263
494 263
495 263
496 263
442 264
443 264
492 264
493 264
494 264
443 265
444 265
490 265
491 265
492 265
493 265
444 266
445 266
489 266
490 266
491 266
445 267
446 267
487 267
488 267
489 267
490 267
445 268
446 268
447 268
486 268
487 268
488 268
446 269
447 269
448 269
484 269
485 269
486 269
487 269
447 270
448 270
449 270
483 270
484 270
485 270
448 271
449 271
450 271
481 271
482 271
483 271
484 271
449 272
450 272
479 272
480 272
481 272
482 272
450 273
451 273
478 273
479 273
480 273
451 274
452 274
476 274
477 274
478 274
479 274
452 275
453 275
475 275
476 275
477 275
452 276
453 276
454 276
473 276
474 276
475 276
476 276
453 277
454 277
455 277
472 277
473 277
474 277
454 278
455 278
456 278
470 278
471 278
472 278
473 278
455 279
456 279
469 279
470 279
471 279
456 280
457 280
467 280
468 280
469 280
470 280
457 281
458 281
466 281
467 281
468 281
458 282
459 282
464 282
465 282
466 282
467 282
458 283
459 283
460 283
463 283
464 283
465 283
459 284
460 284
461 284
462 284
463 284
464 284
460 285
461 285
462 285
458 286
459 286
460 286
461 286
462 286
463 286
457 287
458 287
459 287
462 287
463 287
455 288
456 288
457 288
458 288
463 288
464 288
454 289
455 289
456 289
464 289
465 289
452 290
453 290
454 290
455 290
465 290
466 290
451 291
452 291
453 291
465 291
466 291
467 291
449 292
450 292
451 292
466 292
467 292
468 292
447 293
448 293
449 293
450 293
467 293
468 293
469 293
446 294
447 294
448 294
468 294
469 294
444 295
445 295
446 295
447 295
469 295
470 295
443 296
444 296
445 296
470 296
471 296
441 297
442 297
443 297
444 297
471 297
472 297
440 298
441 298
442 298
471 298
472 298
473 298
438 299
439 299
440 299
441 299
472 299
473 299
474 299
437 300
438 300
439 300
473 300
474 300
475 300
435 301
436 301
437 301
438 301
474 301
475 301
476 301
434 302
435 302
436 302
475 302
476 302
432 303
433 303
434 303
435 303
476 303
477 303
431 304
432 304
433 304
477 304
478 304
429 305
430 305
431 305
432 305
478 305
479 305
427 306
428 306
429 306
430 306
478 306
479 306
480 306
425 307
426 307
427 307
428 307
479 307
480 307
481 307
423 308
424 308
425 308
426 308
480 308
481 308
482 308
421 309
422 309
423 309
424 309
481 309
482 309
419 310
420 310
421 310
422 310
423 310
482 310
483 310
417 311
418 311
419 311
420 311
421 311
483 311
484 311
415 312
416 312
417 312
418 312
419 312
484 312
485 312
413 313
414 313
415 313
416 313
417 313
484 313
485 313
486 313
411 314
412 314
413 314
414 314
415 314
485 314
486 314
487 314
409 315
410 315
411 315
412 315
413 315
486 315
487 315
488 315
407 316
408 316
409 316
410 316
411 316
487 316
488 316
489 316
405 317
406 317
407 317
408 317
409 317
488 317
489 317
403 318
404 318
405 318
406 318
407 318
489 318
490 318
401 319
402 319
403 319
404 319
405 319
490 319
491 319
399 320
400 320
401 320
402 320
403 320
491 320
492 320
397 321
398 321
399 321
400 321
401 321
491 321
492 321
493 321
396 322
397 322
398 322
399 322
492 322
493 322
494 322
394 323
395 323
396 323
397 323
493 323
494 323
495 323
392 324
393 324
394 324
395 324
494 324
495 324
390 325
391 325
392 325
393 325
495 325
496 325
388 326
389 326
390 326
391 326
496 326
497 326
386 327
387 327
388 327
389 327
497 327
498 327
384 328
385 328
386 328
387 328
497 328
498 328
499 328
382 329
383 329
384 329
385 329
498 329
499 329
500 329
380 330
381 330
382 330
383 330
499 330
500 330
501 330
378 331
379 331
380 331
381 331
500 331
501 331
502 331
376 332
377 332
378 332
379 332
501 332
502 332
503 332
374 333
375 333
376 333
377 333
502 333
503 333
504 333
372 334
373 334
374 334
375 334
503 334
504 334
505 334
370 335
371 335
372 335
373 335
504 335
505 335
506 335
368 336
369 336
370 336
371 336
505 336
506 336
507 336
366 337
367 337
368 337
369 337
506 337
507 337
364 338
365 338
366 338
367 338
507 338
508 338
362 339
363 339
364 339
365 339
508 339
509 339
360 340
361 340
362 340
363 340
509 340
510 340
358 341
359 341
360 341
361 341
510 341
511 341
356 342
357 342
358 342
359 342
511 342
512 342
354 343
355 343
356 343
357 343
512 343
513 343
352 344
353 344
354 344
355 344
512 344
513 344
514 344
350 345
351 345
352 345
353 345
513 345
514 345
515 345
348 346
349 346
350 346
351 346
514 346
515 346
516 346
346 347
347 347
348 347
349 347
515 347
516 347
517 347
344 348
345 348
346 348
347 348
516 348
517 348
518 348
342 349
343 349
344 349
345 349
517 349
518 349
519 349
338 350
339 350
340 350
341 350
342 350
343 350
518 350
519 350
520 350
335 351
336 351
337 351
338 351
339 351
340 351
341 351
519 351
520 351
521 351
331 352
332 352
333 352
334 352
335 352
336 352
337 352
338 352
520 352
521 352
522 352
328 353
329 353
330 353
331 353
332 353
333 353
334 353
521 353
522 353
324 354
325 354
326 354
327 354
328 354
329 354
330 354
331 354
522 354
523 354
320 355
321 355
322 355
323 355
324 355
325 355
326 355
327 355
523 355
524 355
317 356
318 356
319 356
320 356
321 356
322 356
323 356
324 356
524 356
525 356
313 357
314 357
315 357
316 357
317 357
318 357
319 357
320 357
525 357
526 357
310 358
311 358
312 358
313 358
314 358
315 358
316 358
526 358
527 358
306 359
307 359
308 359
309 359
310 359
311 359
312 359
313 359
527 359
528 359
303 360
304 360
305 360
306 360
307 360
308 360
309 360
527 360
528 360
529 360
299 361
300 361
301 361
302 361
303 361
304 361
305 361
306 361
528 361
529 361
530 361
296 362
297 362
298 362
299 362
300 362
301 362
302 362
529 362
530 362
531 362
292 363
293 363
294 363
295 363
296 363
297 363
298 363
299 363
530 363
531 363
532 363
288 364
289 364
290 364
291 364
292 364
293 364
294 364
295 364
531 364
532 364
533 364
285 365
286 365
287 365
288 365
289 365
290 365
291 365
292 365
532 365
533 365
534 365
281 366
282 366
283 366
284 366
285 366
286 366
287 366
288 366
533 366
534 366
535 366
278 367
279 367
280 367
281 367
282 367
283 367
284 367
285 367
534 367
535 367
536 367
274 368
275 368
276 368
277 368
278 368
279 368
280 368
281 368
535 368
536 368
537 368
266 369
267 369
268 369
269 369
270 369
271 369
272 369
273 369
274 369
275 369
276 369
277 369
536 369
537 369
245 370
246 370
247 370
248 370
249 370
250 370
251 370
252 370
253 370
254 370
255 370
256 370
257 370
258 370
259 370
260 370
261 370
262 370
263 370
264 370
265 370
266 370
267 370
268 370
269 370
270 370
271 370
272 370
273 370
274 370
537 370
538 370
245 371
246 371
247 371
248 371
249 371
250 371
251 371
252 371
253 371
254 371
255 371
256 371
257 371
258 371
259 371
260 371
261 371
262 371
263 371
264 371
265 371
266 371
267 371
268 371
269 371
270 371
538 371
539 371
246 372
539 372
540 372
540 373
541 373
541 374
542 374
542 375
543 375
542 376
543 376
544 376
543 377
544 377
545 377
544 378
545 378
546 378
545 379
546 379
547 379
546 380
547 380
548 380
547 381
548 381
549 381
548 382
549 382
550 382
549 383
550 383
551 383
550 384
551 384
552 384
551 385
552 385
552 386
553 386
553 387
554 387
554 388
555 388
555 389
556 389
556 390
557 390
557 391
558 391
557 392
558 392
559 392
558 393
559 393
560 393
559 394
560 394
561 394
560 395
561 395
562 395
561 396
562 396
563 396
562 397
563 397
564 397
563 398
564 398
565 398
564 399
565 399
566 399
565 400
566 400
567 400
566 401
567 401
567 402
568 402
568 403
569 403
569 404
570 404
570 405
571 405
571 406
572 406
572 407
573 407
573 408
574 408
573 409
574 409
575 409
574 410
575 410
576 410
575 411
576 411
577 411
576 412
577 412
578 412
577 413
578 413
579 413
578 414
579 414
580 414
579 415
580 415
581 415
580 416
581 416
582 416
581 417
582 417
582 418
583 418
583 419
584 419
584 420
585 420
585 421
586 421
586 422
587 422
587 423
588 423
588 424
589 424
588 425
589 425
590 425
589 426
590 426
591 426
590 427
591 427
592 427
591 428
592 428
593 428
592 429
593 429
594 429
593 430
594 430
595 430
594 431
595 431
596 431
595 432
596 432
597 432
596 433
597 433
598 433
597 434
598 434
598 435
599 435
599 436
600 436
600 437
601 437
601 438
602 438
602 439
603 439
603 440
604 440
603 441
604 441
605 441
604 442
605 442
606 442
605 443
606 443
607 443
606 444
607 444
608 444
607 445
608 445
609 445
608 446
609 446
610 446
609 447
610 447
611 447
610 448
611 448
612 448
611 449
612 449
613 449
612 450
613 450
