1.3
3066
770 111
767 112
768 112
769 112
770 112
771 112
752 113
753 113
754 113
755 113
756 113
757 113
758 113
759 113
760 113
761 113
762 113
763 113
764 113
765 113
766 113
767 113
768 113
769 113
770 113
739 114
740 114
741 114
742 114
743 114
744 114
745 114
746 114
747 114
748 114
749 114
750 114
751 114
752 114
753 114
754 114
755 114
756 114
757 114
758 114
759 114
760 114
761 114
762 114
763 114
764 114
765 114
766 114
767 114
768 114
769 114
770 114
726 115
727 115
728 115
729 115
730 115
731 115
732 115
733 115
734 115
735 115
736 115
737 115
738 115
739 115
740 115
741 115
742 115
743 115
744 115
745 115
746 115
747 115
748 115
749 115
750 115
751 115
752 115
753 115
754 115
755 115
756 115
757 115
758 115
759 115
760 115
761 115
762 115
763 115
764 115
765 115
766 115
767 115
768 115
714 116
715 116
716 116
717 116
718 116
719 116
720 116
721 116
722 116
723 116
724 116
725 116
726 116
727 116
728 116
729 116
730 116
731 116
732 116
733 116
734 116
735 116
736 116
737 116
738 116
739 116
740 116
764 116
765 116
766 116
767 116
701 117
702 117
703 117
704 117
705 117
706 117
707 117
708 117
709 117
710 117
711 117
712 117
713 117
714 117
715 117
716 117
717 117
718 117
719 117
720 117
721 117
722 117
723 117
724 117
725 117
726 117
727 117
762 117
763 117
764 117
765 117
688 118
689 118
690 118
691 118
692 118
693 118
694 118
695 118
696 118
697 118
698 118
699 118
700 118
701 118
702 118
703 118
704 118
705 118
706 118
707 118
708 118
709 118
710 118
711 118
712 118
713 118
714 118
760 118
761 118
762 118
763 118
674 119
675 119
676 119
677 119
678 119
679 119
680 119
681 119
682 119
683 119
684 119
685 119
686 119
687 119
688 119
689 119
690 119
691 119
692 119
693 119
694 119
695 119
696 119
697 119
698 119
699 119
700 119
701 119
757 119
758 119
759 119
760 119
761 119
661 120
662 120
663 120
664 120
665 120
666 120
667 120
668 120
669 120
670 120
671 120
672 120
673 120
674 120
675 120
676 120
677 120
678 120
679 120
680 120
681 120
682 120
683 120
684 120
685 120
686 120
687 120
688 120
755 120
756 120
757 120
758 120
759 120
648 121
649 121
650 121
651 121
652 121
653 121
654 121
655 121
656 121
657 121
658 121
659 121
660 121
661 121
662 121
663 121
664 121
665 121
666 121
667 121
668 121
669 121
670 121
671 121
672 121
673 121
674 121
675 121
753 121
754 121
755 121
756 121
757 121
635 122
636 122
637 122
638 122
639 122
640 122
641 122
642 122
643 122
644 122
645 122
646 122
647 122
648 122
649 122
650 122
651 122
652 122
653 122
654 122
655 122
656 122
657 122
658 122
659 122
660 122
661 122
662 122
750 122
751 122
752 122
753 122
754 122
622 123
623 123
624 123
625 123
626 123
627 123
628 123
629 123
630 123
631 123
632 123
633 123
634 123
635 123
636 123
637 123
638 123
639 123
640 123
641 123
642 123
643 123
644 123
645 123
646 123
647 123
648 123
649 123
748 123
749 123
750 123
751 123
752 123
608 124
609 124
610 124
611 124
612 124
613 124
614 124
615 124
616 124
617 124
618 124
619 124
620 124
621 124
622 124
623 124
624 124
625 124
626 124
627 124
628 124
629 124
630 124
631 124
632 124
633 124
634 124
635 124
636 124
746 124
747 124
748 124
749 124
750 124
590 125
591 125
592 125
593 125
594 125
595 125
596 125
597 125
598 125
599 125
600 125
601 125
602 125
603 125
604 125
605 125
606 125
607 125
608 125
609 125
610 125
611 125
612 125
613 125
614 125
615 125
616 125
617 125
618 125
619 125
620 125
621 125
622 125
623 125
744 125
745 125
746 125
747 125
573 126
574 126
575 126
576 126
577 126
578 126
579 126
580 126
581 126
582 126
583 126
584 126
585 126
586 126
587 126
588 126
589 126
590 126
591 126
592 126
593 126
594 126
595 126
596 126
597 126
598 126
599 126
600 126
601 126
602 126
603 126
604 126
605 126
606 126
607 126
608 126
609 126
741 126
742 126
743 126
744 126
745 126
555 127
556 127
557 127
558 127
559 127
560 127
561 127
562 127
563 127
564 127
565 127
566 127
567 127
568 127
569 127
570 127
571 127
572 127
573 127
574 127
575 127
576 127
577 127
578 127
579 127
580 127
581 127
582 127
583 127
584 127
585 127
586 127
587 127
588 127
589 127
590 127
591 127
592 127
739 127
740 127
741 127
742 127
743 127
538 128
539 128
540 128
541 128
542 128
543 128
544 128
545 128
546 128
547 128
548 128
549 128
550 128
551 128
552 128
553 128
554 128
555 128
556 128
557 128
558 128
559 128
560 128
561 128
562 128
563 128
564 128
565 128
566 128
567 128
568 128
569 128
570 128
571 128
572 128
573 128
574 128
737 128
738 128
739 128
740 128
741 128
520 129
521 129
522 129
523 129
524 129
525 129
526 129
527 129
528 129
529 129
530 129
531 129
532 129
533 129
534 129
535 129
536 129
537 129
538 129
539 129
540 129
541 129
542 129
543 129
544 129
545 129
546 129
547 129
548 129
549 129
550 129
551 129
552 129
553 129
554 129
555 129
556 129
557 129
734 129
735 129
736 129
737 129
738 129
495 130
496 130
497 130
498 130
499 130
500 130
501 130
502 130
503 130
504 130
505 130
506 130
507 130
508 130
509 130
510 130
511 130
512 130
513 130
514 130
515 130
516 130
517 130
518 130
519 130
520 130
521 130
522 130
523 130
524 130
525 130
526 130
527 130
528 130
529 130
530 130
531 130
532 130
533 130
534 130
535 130
536 130
537 130
538 130
539 130
732 130
733 130
734 130
735 130
736 130
446 131
447 131
448 131
449 131
450 131
451 131
452 131
453 131
454 131
455 131
456 131
457 131
458 131
459 131
460 131
461 131
462 131
463 131
464 131
465 131
466 131
467 131
468 131
469 131
470 131
471 131
472 131
473 131
474 131
475 131
476 131
477 131
478 131
479 131
480 131
481 131
482 131
483 131
484 131
485 131
486 131
487 131
488 131
489 131
490 131
491 131
492 131
493 131
494 131
495 131
496 131
497 131
498 131
499 131
500 131
501 131
502 131
503 131
504 131
505 131
506 131
507 131
508 131
509 131
510 131
511 131
512 131
513 131
514 131
515 131
516 131
517 131
518 131
519 131
520 131
521 131
522 131
730 131
731 131
732 131
733 131
734 131
310 132
311 132
312 132
313 132
314 132
315 132
316 132
317 132
318 132
319 132
320 132
321 132
322 132
323 132
324 132
325 132
326 132
327 132
328 132
329 132
330 132
331 132
332 132
333 132
334 132
335 132
336 132
337 132
338 132
339 132
340 132
341 132
342 132
343 132
344 132
345 132
346 132
347 132
348 132
349 132
350 132
351 132
352 132
353 132
354 132
355 132
356 132
357 132
358 132
359 132
360 132
361 132
362 132
363 132
364 132
365 132
366 132
367 132
368 132
369 132
370 132
371 132
372 132
373 132
374 132
375 132
376 132
377 132
378 132
379 132
380 132
381 132
382 132
383 132
384 132
385 132
386 132
387 132
388 132
389 132
390 132
391 132
392 132
393 132
394 132
395 132
396 132
397 132
398 132
399 132
400 132
401 132
402 132
403 132
404 132
405 132
406 132
407 132
408 132
409 132
410 132
411 132
412 132
413 132
414 132
415 132
416 132
417 132
418 132
419 132
420 132
421 132
422 132
423 132
424 132
425 132
426 132
427 132
428 132
429 132
430 132
431 132
432 132
433 132
434 132
435 132
436 132
437 132
438 132
439 132
440 132
441 132
442 132
443 132
444 132
445 132
446 132
447 132
448 132
449 132
450 132
451 132
452 132
453 132
454 132
455 132
456 132
457 132
458 132
459 132
460 132
461 132
462 132
463 132
464 132
465 132
466 132
467 132
468 132
469 132
470 132
471 132
472 132
473 132
474 132
475 132
476 132
477 132
478 132
479 132
480 132
481 132
482 132
483 132
484 132
485 132
486 132
487 132
488 132
489 132
490 132
491 132
492 132
493 132
494 132
495 132
496 132
497 132
498 132
499 132
500 132
501 132
502 132
728 132
729 132
730 132
731 132
310 133
311 133
312 133
313 133
314 133
315 133
316 133
317 133
318 133
319 133
320 133
321 133
322 133
323 133
324 133
325 133
326 133
327 133
328 133
329 133
330 133
331 133
332 133
333 133
334 133
335 133
336 133
337 133
338 133
339 133
340 133
341 133
342 133
343 133
344 133
345 133
346 133
347 133
348 133
349 133
350 133
351 133
352 133
353 133
354 133
355 133
356 133
357 133
358 133
359 133
360 133
361 133
362 133
363 133
364 133
365 133
366 133
367 133
368 133
369 133
370 133
371 133
372 133
373 133
374 133
375 133
376 133
377 133
378 133
379 133
380 133
381 133
382 133
383 133
384 133
385 133
386 133
387 133
388 133
389 133
390 133
391 133
392 133
393 133
394 133
395 133
396 133
397 133
398 133
399 133
400 133
401 133
402 133
403 133
404 133
405 133
406 133
407 133
408 133
409 133
410 133
411 133
412 133
413 133
414 133
415 133
416 133
417 133
418 133
419 133
420 133
421 133
422 133
423 133
424 133
425 133
426 133
427 133
428 133
429 133
430 133
431 133
432 133
433 133
434 133
435 133
436 133
437 133
438 133
439 133
440 133
441 133
442 133
443 133
444 133
445 133
446 133
447 133
448 133
449 133
450 133
451 133
452 133
453 133
454 133
455 133
726 133
727 133
728 133
729 133
309 134
310 134
311 134
312 134
313 134
314 134
315 134
316 134
317 134
318 134
319 134
320 134
321 134
322 134
323 134
324 134
325 134
326 134
327 134
328 134
329 134
330 134
331 134
332 134
333 134
334 134
335 134
336 134
337 134
338 134
339 134
340 134
341 134
342 134
343 134
344 134
345 134
346 134
347 134
348 134
349 134
350 134
351 134
352 134
353 134
354 134
355 134
356 134
357 134
358 134
359 134
360 134
361 134
362 134
363 134
364 134
365 134
366 134
367 134
368 134
369 134
370 134
371 134
372 134
373 134
374 134
375 134
376 134
377 134
378 134
379 134
380 134
381 134
382 134
383 134
384 134
385 134
386 134
387 134
388 134
389 134
390 134
391 134
392 134
393 134
394 134
395 134
396 134
397 134
398 134
399 134
400 134
401 134
402 134
403 134
404 134
405 134
406 134
407 134
724 134
725 134
726 134
727 134
310 135
311 135
312 135
722 135
723 135
724 135
725 135
726 135
311 136
312 136
313 136
720 136
721 136
722 136
723 136
724 136
312 137
313 137
314 137
718 137
719 137
720 137
721 137
722 137
313 138
314 138
315 138
316 138
716 138
717 138
718 138
719 138
720 138
315 139
316 139
317 139
714 139
715 139
716 139
717 139
718 139
316 140
317 140
318 140
712 140
713 140
714 140
715 140
716 140
317 141
318 141
319 141
710 141
711 141
712 141
713 141
714 141
318 142
319 142
320 142
708 142
709 142
710 142
711 142
712 142
319 143
320 143
706 143
707 143
708 143
709 143
710 143
320 144
321 144
704 144
705 144
706 144
707 144
708 144
321 145
322 145
703 145
704 145
705 145
706 145
322 146
323 146
701 146
702 146
703 146
704 146
322 147
323 147
324 147
699 147
700 147
701 147
702 147
323 148
324 148
325 148
697 148
698 148
699 148
700 148
324 149
325 149
326 149
695 149
696 149
697 149
698 149
325 150
326 150
327 150
693 150
694 150
695 150
696 150
326 151
327 151
691 151
692 151
693 151
694 151
327 152
328 152
689 152
690 152
691 152
692 152
328 153
329 153
687 153
688 153
689 153
690 153
329 154
330 154
685 154
686 154
687 154
688 154
329 155
330 155
331 155
683 155
684 155
685 155
686 155
330 156
331 156
332 156
681 156
682 156
683 156
684 156
331 157
332 157
333 157
679 157
680 157
681 157
682 157
332 158
333 158
677 158
678 158
679 158
680 158
333 159
334 159
675 159
676 159
677 159
678 159
334 160
335 160
673 160
674 160
675 160
676 160
335 161
336 161
671 161
672 161
673 161
674 161
335 162
336 162
337 162
669 162
670 162
671 162
672 162
336 163
337 163
338 163
667 163
668 163
669 163
670 163
337 164
338 164
339 164
665 164
666 164
667 164
668 164
338 165
339 165
340 165
663 165
664 165
665 165
666 165
339 166
340 166
661 166
662 166
663 166
664 166
340 167
341 167
659 167
660 167
661 167
662 167
341 168
342 168
657 168
658 168
659 168
660 168
342 169
343 169
655 169
656 169
657 169
658 169
342 170
343 170
344 170
653 170
654 170
655 170
656 170
343 171
344 171
345 171
651 171
652 171
653 171
654 171
344 172
345 172
346 172
649 172
650 172
651 172
652 172
345 173
346 173
647 173
648 173
649 173
650 173
346 174
347 174
645 174
646 174
647 174
648 174
347 175
348 175
643 175
644 175
645 175
646 175
348 176
349 176
641 176
642 176
643 176
644 176
348 177
349 177
350 177
639 177
640 177
641 177
642 177
349 178
350 178
351 178
637 178
638 178
639 178
640 178
350 179
351 179
352 179
635 179
636 179
637 179
638 179
351 180
352 180
353 180
633 180
634 180
635 180
636 180
352 181
353 181
631 181
632 181
633 181
634 181
353 182
354 182
629 182
630 182
631 182
632 182
354 183
355 183
627 183
628 183
629 183
630 183
355 184
356 184
624 184
625 184
626 184
627 184
628 184
355 185
356 185
357 185
622 185
623 185
624 185
625 185
626 185
356 186
357 186
358 186
620 186
621 186
622 186
623 186
624 186
357 187
358 187
359 187
618 187
619 187
620 187
621 187
622 187
358 188
359 188
616 188
617 188
618 188
619 188
620 188
359 189
360 189
614 189
615 189
616 189
617 189
618 189
360 190
361 190
612 190
613 190
614 190
615 190
616 190
361 191
362 191
610 191
611 191
612 191
613 191
614 191
361 192
362 192
363 192
608 192
609 192
610 192
611 192
612 192
362 193
363 193
364 193
606 193
607 193
608 193
609 193
363 194
364 194
365 194
604 194
605 194
606 194
607 194
364 195
365 195
366 195
602 195
603 195
604 195
605 195
365 196
366 196
600 196
601 196
602 196
603 196
366 197
367 197
598 197
599 197
600 197
601 197
367 198
368 198
596 198
597 198
598 198
599 198
368 199
369 199
594 199
595 199
596 199
597 199
368 200
369 200
370 200
592 200
593 200
594 200
595 200
369 201
370 201
371 201
590 201
591 201
592 201
593 201
370 202
371 202
372 202
588 202
589 202
590 202
591 202
371 203
372 203
373 203
586 203
587 203
588 203
589 203
372 204
373 204
584 204
585 204
586 204
587 204
373 205
374 205
582 205
583 205
584 205
585 205
374 206
375 206
580 206
581 206
582 206
583 206
375 207
376 207
578 207
579 207
580 207
581 207
375 208
376 208
377 208
575 208
576 208
577 208
578 208
579 208
376 209
377 209
378 209
573 209
574 209
575 209
576 209
577 209
377 210
378 210
379 210
571 210
572 210
573 210
574 210
575 210
378 211
379 211
569 211
570 211
571 211
572 211
573 211
379 212
380 212
567 212
568 212
569 212
570 212
571 212
380 213
381 213
565 213
566 213
567 213
568 213
569 213
381 214
382 214
563 214
564 214
565 214
566 214
567 214
381 215
382 215
383 215
561 215
562 215
563 215
564 215
565 215
382 216
383 216
384 216
559 216
560 216
561 216
562 216
563 216
383 217
384 217
385 217
557 217
558 217
559 217
560 217
384 218
385 218
386 218
555 218
556 218
557 218
558 218
385 219
386 219
553 219
554 219
555 219
556 219
386 220
387 220
551 220
552 220
553 220
554 220
555 220
387 221
388 221
549 221
550 221
551 221
552 221
553 221
388 222
389 222
547 222
548 222
549 222
550 222
551 222
388 223
389 223
390 223
545 223
546 223
547 223
548 223
549 223
389 224
390 224
391 224
543 224
544 224
545 224
546 224
547 224
390 225
391 225
392 225
541 225
542 225
543 225
544 225
545 225
391 226
392 226
539 226
540 226
541 226
542 226
543 226
392 227
393 227
537 227
538 227
539 227
540 227
541 227
393 228
394 228
536 228
537 228
538 228
539 228
394 229
395 229
534 229
535 229
536 229
537 229
394 230
395 230
396 230
532 230
533 230
534 230
535 230
395 231
396 231
397 231
530 231
531 231
532 231
533 231
396 232
397 232
398 232
528 232
529 232
530 232
531 232
397 233
398 233
399 233
526 233
527 233
528 233
529 233
398 234
399 234
524 234
525 234
526 234
527 234
399 235
400 235
522 235
523 235
524 235
525 235
400 236
401 236
520 236
521 236
522 236
523 236
401 237
402 237
518 237
519 237
520 237
521 237
401 238
402 238
403 238
516 238
517 238
518 238
519 238
402 239
403 239
404 239
514 239
515 239
516 239
517 239
403 240
404 240
405 240
512 240
513 240
514 240
515 240
404 241
405 241
510 241
511 241
512 241
513 241
405 242
406 242
508 242
509 242
510 242
511 242
406 243
407 243
506 243
507 243
508 243
509 243
407 244
408 244
504 244
505 244
506 244
507 244
407 245
408 245
409 245
502 245
503 245
504 245
505 245
408 246
409 246
410 246
500 246
501 246
502 246
503 246
409 247
410 247
411 247
498 247
499 247
500 247
501 247
410 248
411 248
412 248
498 248
499 248
411 249
412 249
497 249
498 249
412 250
413 250
495 250
496 250
497 250
498 250
413 251
414 251
494 251
495 251
496 251
414 252
415 252
492 252
493 252
494 252
495 252
414 253
415 253
416 253
490 253
491 253
492 253
493 253
415 254
416 254
417 254
489 254
490 254
491 254
492 254
416 255
417 255
418 255
487 255
488 255
489 255
490 255
417 256
418 256
486 256
487 256
488 256
418 257
419 257
484 257
485 257
486 257
487 257
419 258
420 258
483 258
484 258
485 258
420 259
421 259
481 259
482 259
483 259
484 259
420 260
421 260
422 260
480 260
481 260
482 260
421 261
422 261
423 261
478 261
479 261
480 261
481 261
422 262
423 262
424 262
477 262
478 262
479 262
423 263
424 263
425 263
475 263
476 263
477 263
478 263
424 264
425 264
474 264
475 264
476 264
425 265
426 265
472 265
473 265
474 265
475 265
426 266
427 266
471 266
472 266
473 266
427 267
428 267
469 267
470 267
471 267
472 267
427 268
428 268
429 268
468 268
469 268
470 268
428 269
429 269
430 269
466 269
467 269
468 269
469 269
429 270
430 270
431 270
465 270
466 270
467 270
430 271
431 271
432 271
463 271
464 271
465 271
466 271
431 272
432 272
461 272
462 272
463 272
464 272
432 273
433 273
460 273
461 273
462 273
433 274
434 274
458 274
459 274
460 274
461 274
434 275
435 275
457 275
458 275
459 275
434 276
435 276
436 276
455 276
456 276
457 276
458 276
435 277
436 277
437 277
454 277
455 277
456 277
436 278
437 278
438 278
452 278
453 278
454 278
455 278
437 279
438 279
451 279
452 279
453 279
438 280
439 280
449 280
450 280
451 280
452 280
439 281
440 281
448 281
449 281
450 281
440 282
441 282
446 282
447 282
448 282
449 282
440 283
441 283
442 283
445 283
446 283
447 283
441 284
442 284
443 284
444 284
445 284
446 284
442 285
443 285
444 285
440 286
441 286
442 286
443 286
444 286
445 286
439 287
440 287
441 287
444 287
445 287
437 288
438 288
439 288
440 288
445 288
446 288
436 289
437 289
438 289
446 289
447 289
434 290
435 290
436 290
437 290
447 290
448 290
433 291
434 291
435 291
447 291
448 291
449 291
431 292
432 292
433 292
448 292
449 292
450 292
429 293
430 293
431 293
432 293
449 293
450 293
451 293
428 294
429 294
430 294
450 294
451 294
426 295
427 295
428 295
429 295
451 295
452 295
425 296
426 296
427 296
452 296
453 296
423 297
424 297
425 297
426 297
453 297
454 297
422 298
423 298
424 298
453 298
454 298
455 298
420 299
421 299
422 299
423 299
454 299
455 299
456 299
419 300
420 300
421 300
455 300
456 300
457 300
417 301
418 301
419 301
420 301
456 301
457 301
458 301
416 302
417 302
418 302
457 302
458 302
414 303
415 303
416 303
417 303
458 303
459 303
413 304
414 304
415 304
459 304
460 304
411 305
412 305
413 305
414 305
460 305
461 305
409 306
410 306
411 306
412 306
460 306
461 306
462 306
407 307
408 307
409 307
410 307
461 307
462 307
463 307
405 308
406 308
407 308
408 308
462 308
463 308
464 308
403 309
404 309
405 309
406 309
463 309
464 309
401 310
402 310
403 310
404 310
405 310
464 310
465 310
399 311
400 311
401 311
402 311
403 311
465 311
466 311
397 312
398 312
399 312
400 312
401 312
466 312
467 312
395 313
396 313
397 313
398 313
399 313
466 313
467 313
468 313
393 314
394 314
395 314
396 314
397 314
467 314
468 314
469 314
391 315
392 315
393 315
394 315
395 315
468 315
469 315
470 315
389 316
390 316
391 316
392 316
393 316
469 316
470 316
471 316
387 317
388 317
389 317
390 317
391 317
470 317
471 317
385 318
386 318
387 318
388 318
389 318
471 318
472 318
383 319
384 319
385 319
386 319
387 319
472 319
473 319
381 320
382 320
383 320
384 320
385 320
473 320
474 320
379 321
380 321
381 321
382 321
383 321
473 321
474 321
475 321
378 322
379 322
380 322
381 322
474 322
475 322
476 322
376 323
377 323
378 323
379 323
475 323
476 323
477 323
374 324
375 324
376 324
377 324
476 324
477 324
372 325
373 325
374 325
375 325
477 325
478 325
370 326
371 326
372 326
373 326
478 326
479 326
368 327
369 327
370 327
371 327
479 327
480 327
366 328
367 328
368 328
369 328
479 328
480 328
481 328
364 329
365 329
366 329
367 329
480 329
481 329
482 329
362 330
363 330
364 330
365 330
481 330
482 330
483 330
360 331
361 331
362 331
363 331
482 331
483 331
484 331
358 332
359 332
360 332
361 332
483 332
484 332
485 332
356 333
357 333
358 333
359 333
484 333
485 333
486 333
354 334
355 334
356 334
357 334
485 334
486 334
487 334
352 335
353 335
354 335
355 335
486 335
487 335
488 335
350 336
351 336
352 336
353 336
487 336
488 336
489 336
348 337
349 337
350 337
351 337
488 337
489 337
346 338
347 338
348 338
349 338
489 338
490 338
344 339
345 339
346 339
347 339
490 339
491 339
342 340
343 340
344 340
345 340
491 340
492 340
340 341
341 341
342 341
343 341
492 341
493 341
338 342
339 342
340 342
341 342
493 342
494 342
336 343
337 343
338 343
339 343
494 343
495 343
334 344
335 344
336 344
337 344
494 344
495 344
496 344
332 345
333 345
334 345
335 345
495 345
496 345
497 345
330 346
331 346
332 346
333 346
496 346
497 346
498 346
328 347
329 347
330 347
331 347
497 347
498 347
499 347
326 348
327 348
328 348
329 348
498 348
499 348
500 348
324 349
325 349
326 349
327 349
499 349
500 349
501 349
320 350
321 350
322 350
323 350
324 350
325 350
500 350
501 350
502 350
317 351
318 351
319 351
320 351
321 351
322 351
323 351
501 351
502 351
503 351
313 352
314 352
315 352
316 352
317 352
318 352
319 352
320 352
502 352
503 352
504 352
310 353
311 353
312 353
313 353
314 353
315 353
316 353
503 353
504 353
306 354
307 354
308 354
309 354
310 354
311 354
312 354
313 354
504 354
505 354
302 355
303 355
304 355
305 355
306 355
307 355
308 355
309 355
505 355
506 355
299 356
300 356
301 356
302 356
303 356
304 356
305 356
306 356
506 356
507 356
295 357
296 357
297 357
298 357
299 357
300 357
301 357
302 357
507 357
508 357
292 358
293 358
294 358
295 358
296 358
297 358
298 358
508 358
509 358
288 359
289 359
290 359
291 359
292 359
293 359
294 359
295 359
509 359
510 359
285 360
286 360
287 360
288 360
289 360
290 360
291 360
509 360
510 360
511 360
281 361
282 361
283 361
284 361
285 361
286 361
287 361
288 361
510 361
511 361
512 361
278 362
279 362
280 362
281 362
282 362
283 362
284 362
511 362
512 362
513 362
274 363
275 363
276 363
277 363
278 363
279 363
280 363
281 363
512 363
513 363
514 363
270 364
271 364
272 364
273 364
274 364
275 364
276 364
277 364
513 364
514 364
515 364
267 365
268 365
269 365
270 365
271 365
272 365
273 365
274 365
514 365
515 365
516 365
263 366
264 366
265 366
266 366
267 366
268 366
269 366
270 366
515 366
516 366
517 366
260 367
261 367
262 367
263 367
264 367
265 367
266 367
267 367
516 367
517 367
518 367
256 368
257 368
258 368
259 368
260 368
261 368
262 368
263 368
517 368
518 368
519 368
248 369
249 369
250 369
251 369
252 369
253 369
254 369
255 369
256 369
257 369
258 369
259 369
518 369
519 369
227 370
228 370
229 370
230 370
231 370
232 370
233 370
234 370
235 370
236 370
237 370
238 370
239 370
240 370
241 370
242 370
243 370
244 370
245 370
246 370
247 370
248 370
249 370
250 370
251 370
252 370
253 370
254 370
255 370
256 370
519 370
520 370
227 371
228 371
229 371
230 371
231 371
232 371
233 371
234 371
235 371
236 371
237 371
238 371
239 371
240 371
241 371
242 371
243 371
244 371
245 371
246 371
247 371
248 371
249 371
250 371
251 371
252 371
520 371
521 371
228 372
521 372
522 372
522 373
523 373
523 374
524 374
524 375
525 375
524 376
525 376
526 376
525 377
526 377
527 377
526 378
527 378
528 378
527 379
528 379
529 379
528 380
529 380
530 380
529 381
530 381
531 381
530 382
531 382
532 382
531 383
532 383
533 383
532 384
533 384
534 384
533 385
534 385
534 386
535 386
535 387
536 387
536 388
537 388
537 389
538 389
538 390
539 390
539 391
540 391
539 392
540 392
541 392
540 393
541 393
542 393
541 394
542 394
543 394
542 395
543 395
544 395
543 396
544 396
545 396
544 397
545 397
546 397
545 398
546 398
547 398
546 399
547 399
548 399
547 400
548 400
549 400
548 401
549 401
549 402
550 402
550 403
551 403
551 404
552 404
552 405
553 405
553 406
554 406
554 407
555 407
555 408
556 408
555 409
556 409
557 409
556 410
557 410
558 410
557 411
558 411
559 411
558 412
559 412
560 412
559 413
560 413
561 413
560 414
561 414
562 414
561 415
562 415
563 415
562 416
563 416
564 416
563 417
564 417
564 418
565 418
565 419
566 419
566 420
567 420
567 421
568 421
568 422
569 422
569 423
570 423
570 424
571 424
570 425
571 425
572 425
571 426
572 426
573 426
572 427
573 427
574 427
573 428
574 428
575 428
574 429
575 429
576 429
575 430
576 430
577 430
576 431
577 431
578 431
577 432
578 432
579 432
578 433
579 433
580 433
579 434
580 434
580 435
581 435
581 436
582 436
582 437
583 437
583 438
584 438
584 439
585 439
585 440
586 440
585 441
586 441
587 441
586 442
587 442
588 442
587 443
588 443
589 443
588 444
589 444
590 444
589 445
590 445
591 445
590 446
591 446
592 446
591 447
592 447
593 447
592 448
593 448
594 448
593 449
594 449
595 449
594 450
595 450
